player_id,woba_diff,ba_diff,slg_diff,sprint_speed,year
605141,0.021,0.039,0.037,28.1,Not Adjusted
545361,0.018,0.023,0.039,29.3,Not Adjusted
502110,0.015,0.027,0.022,26.7,Not Adjusted
592885,0.011,0.013,0.034,28.6,Not Adjusted
592450,-0.003,0.006,0.001,28.1,Not Adjusted
443558,-0.032,-0.024,-0.056,24.9,Not Adjusted
458015,-0.02,0.001,-0.05,25.3,Not Adjusted
456665,-0.008,0.004,-0.011,26.2,Not Adjusted
571970,0.017,0.01,0.052,27.6,Not Adjusted
547180,-0.014,-0.012,-0.019,27.6,Not Adjusted
572761,-0.012,-0.006,-0.013,26.5,Not Adjusted
518692,-0.007,0.014,-0.024,26.7,Not Adjusted
457759,0.014,0.02,0.032,26.6,Not Adjusted
502671,0.008,0.021,0.004,26.8,Not Adjusted
502054,-0.02,-0.01,-0.037,28.7,Not Adjusted
543685,0.007,0.013,0.012,27.3,Not Adjusted
500874,-0.019,0.006,-0.052,26.5,Not Adjusted
429664,-0.01,0,-0.022,24.4,Not Adjusted
660670,0.014,0.021,0.018,29.7,Not Adjusted
660271,0.015,0.018,0.036,28.4,Not Adjusted
592206,-0.01,0.003,-0.024,27.8,Not Adjusted
553993,0.003,0.008,0.012,26.2,Not Adjusted
434778,-0.044,-0.019,-0.079,23.4,Not Adjusted
501981,-0.008,0.002,-0.012,26.1,Not Adjusted
608324,0.026,0.017,0.068,27.9,Not Adjusted
608336,-0.027,-0.024,-0.046,27.7,Not Adjusted
592518,0.008,0.012,0.024,26.1,Not Adjusted
543305,-0.009,-0.01,0.008,28.1,Not Adjusted
596019,0,-0.006,0.017,28.4,Not Adjusted
475582,-0.017,-0.001,-0.018,26.8,Not Adjusted
571745,0.001,0.011,0.003,27.8,Not Adjusted
460075,-0.036,-0.035,-0.042,26.8,Not Adjusted
608385,0.003,0.027,-0.017,26,Not Adjusted
665742,0.029,0.037,0.05,27.2,Not Adjusted
640461,-0.029,-0.008,-0.068,27.3,Not Adjusted
593428,0.012,0.012,0.032,27.9,Not Adjusted
519203,-0.002,-0.002,0.007,25.6,Not Adjusted
425783,-0.005,0.016,-0.028,26,Not Adjusted
457705,-0.012,-0.002,-0.017,28.7,Not Adjusted
608070,0.034,0.018,0.095,27.4,Not Adjusted
501896,0.001,0.017,-0.003,26.4,Not Adjusted
542303,-0.029,-0.002,-0.061,27.8,Not Adjusted
621566,-0.015,-0.002,-0.037,25.9,Not Adjusted
572039,-0.002,0.001,0.003,26.7,Not Adjusted
596115,0.032,0.029,0.062,29.7,Not Adjusted
457708,-0.003,0.01,0.001,27.9,Not Adjusted
547982,-0.028,-0.008,-0.053,27.5,Not Adjusted
429665,-0.005,0.006,0.005,24.3,Not Adjusted
488726,0.009,0.011,0.027,26,Not Adjusted
542583,0.025,0.025,0.065,24.6,Not Adjusted
547989,-0.012,-0.007,-0.008,26.7,Not Adjusted
519048,-0.024,-0.002,-0.041,25.2,Not Adjusted
543768,0.002,-0.001,0.019,26.7,Not Adjusted
571448,0.043,0.032,0.085,25.7,Not Adjusted
592663,0.004,0.009,0.015,28.7,Not Adjusted
607043,0.037,0.028,0.093,28.5,Not Adjusted
444482,0.021,0.015,0.038,27.3,Not Adjusted
461314,0.001,0.026,-0.02,26.3,Not Adjusted
624577,0.002,-0.005,0.019,28.3,Not Adjusted
474832,-0.02,0.003,-0.058,25.9,Not Adjusted
656941,-0.004,-0.005,-0.001,27.2,Not Adjusted
514888,0.017,0.033,0.012,28.1,Not Adjusted
624585,0.008,0.026,0.017,28.3,Not Adjusted
656555,0.017,0.019,0.048,26.3,Not Adjusted
643217,0.012,0.017,0.029,27.7,Not Adjusted
408045,-0.026,-0.004,-0.056,26,Not Adjusted
543807,-0.007,0.013,-0.023,27.7,Not Adjusted
594988,-0.008,-0.002,-0.01,27.8,Not Adjusted
553869,-0.004,0,0.008,26.6,Not Adjusted
519317,0.016,0.024,0.032,27.8,Not Adjusted
598265,-0.034,-0.024,-0.057,27.8,Not Adjusted
455976,0.002,0.006,0.018,26.4,Not Adjusted
453568,0.025,0.017,0.057,27.6,Not Adjusted
467793,-0.01,-0.012,0.001,26,Not Adjusted
502143,-0.032,-0.016,-0.047,26.5,Not Adjusted
596142,-0.038,-0.033,-0.06,25.8,Not Adjusted
502517,-0.003,-0.002,0.003,25.5,Not Adjusted
608384,-0.017,-0.013,-0.023,28.4,Not Adjusted
456715,0.019,0.029,0.031,28.6,Not Adjusted
606192,-0.012,0.006,-0.029,28.6,Not Adjusted
593160,0.01,0.027,0.016,29.1,Not Adjusted
592178,0.02,0.03,0.036,28,Not Adjusted
595909,-0.007,0.01,-0.006,27.8,Not Adjusted
465041,0.016,0.029,0.032,25.8,Not Adjusted
543068,0.008,0.009,0.018,26.3,Not Adjusted
571976,-0.011,-0.02,-0.004,28.1,Not Adjusted
624424,0.003,0.002,0.024,27.8,Not Adjusted
434158,0.003,-0.003,0.022,26.8,Not Adjusted
605137,-0.001,0.009,0,27.1,Not Adjusted
570256,0.014,0.012,0.058,27.8,Not Adjusted
475253,0.012,0.019,0.024,23.8,Not Adjusted
457803,-0.041,-0.026,-0.07,25.5,Not Adjusted
457763,-0.009,0.011,-0.032,24.7,Not Adjusted
656305,0.034,0.025,0.08,28.4,Not Adjusted
592192,-0.001,0.001,0.006,27.6,Not Adjusted
489149,-0.052,-0.045,-0.086,26.4,Not Adjusted
650402,0.015,0.019,0.028,27.1,Not Adjusted
519058,-0.005,-0.003,0.001,25.7,Not Adjusted
430832,-0.01,-0.013,-0.003,25.5,Not Adjusted
614177,0.027,0.027,0.047,26.8,Not Adjusted
572041,0.005,0.006,0.017,28.2,Not Adjusted
545341,0.007,0.006,0.022,28.3,Not Adjusted
521692,-0.029,-0.023,-0.039,25,Not Adjusted
595879,0.034,0.033,0.064,28.9,Not Adjusted
605119,0.001,0.014,-0.005,27.1,Not Adjusted
649557,-0.011,-0.01,-0.002,28,Not Adjusted
518735,0.02,0.024,0.036,24.5,Not Adjusted
452095,-0.017,-0.001,-0.04,25.2,Not Adjusted
450314,0.025,0.034,0.055,26.7,Not Adjusted
607208,0.001,0.004,0.009,30.1,Not Adjusted
452655,0,-0.014,0.037,27.7,Not Adjusted
444432,-0.001,-0.004,0.005,26.2,Not Adjusted
592122,-0.005,0.001,-0.003,27.3,Not Adjusted
594777,-0.047,-0.038,-0.075,26.1,Not Adjusted
435559,0.006,0.002,0.033,25.6,Not Adjusted
608577,-0.005,0.003,-0.006,26.8,Not Adjusted
571431,0.005,0.001,0.016,25.9,Not Adjusted
455104,-0.009,0.001,-0.015,25.3,Not Adjusted
435522,-0.038,-0.026,-0.069,26.6,Not Adjusted
594809,0.03,0.038,0.048,27.5,Not Adjusted
572816,0.013,0.018,0.026,27.9,Not Adjusted
466320,-0.002,-0.009,0.039,26,Not Adjusted
446263,-0.013,0.001,-0.032,24.8,Not Adjusted
518614,0.012,0.013,0.048,26.8,Not Adjusted
476704,0.02,0.022,0.042,26.6,Not Adjusted
460086,-0.022,-0.005,-0.051,25.5,Not Adjusted
459964,-0.028,-0.016,-0.048,26.1,Not Adjusted
516782,0.011,0.019,0.015,28.6,Not Adjusted
134181,0.001,0.012,0.005,24.8,Not Adjusted
425877,-0.003,-0.003,0.006,22.8,Not Adjusted
592567,-0.003,0.014,-0.004,25.2,Not Adjusted
475174,-0.006,0.002,-0.011,23.3,Not Adjusted
405395,-0.026,-0.021,-0.036,22.2,Not Adjusted
541645,-0.021,-0.01,-0.027,28.9,Not Adjusted
467092,0.038,0.051,0.054,22.6,Not Adjusted
571788,0.015,0.017,0.031,26.4,Not Adjusted
571506,0.001,0.007,0.003,23.7,Not Adjusted
592669,0.016,0.011,0.046,27.3,Not Adjusted
641820,-0.014,-0.005,-0.009,27,Not Adjusted
657557,-0.002,0.01,-0.006,28.3,Not Adjusted
518934,0.001,0.004,0.01,27.2,Not Adjusted
571602,0,0.009,0.002,25.7,Not Adjusted
553882,0.028,0.021,0.059,25.2,Not Adjusted
621002,0.034,0.041,0.064,27.7,Not Adjusted
571771,0.022,0.015,0.059,27.7,Not Adjusted
595777,0.021,0.006,0.066,27.6,Not Adjusted
607680,-0.018,-0.027,-0.005,27.9,Not Adjusted
609275,0.022,0.03,0.034,29.9,Not Adjusted
543228,0.007,0.021,0.003,26.9,Not Adjusted
641355,0.026,0.03,0.049,28.9,Not Adjusted
592626,0.035,0.018,0.093,26.2,Not Adjusted
592387,-0.023,-0.022,-0.029,26.1,Not Adjusted
664023,0.01,0.024,0.013,27.7,Not Adjusted
596146,-0.002,-0.003,0.013,27.9,Not Adjusted
594807,-0.041,-0.031,-0.061,28,Not Adjusted
643446,0.051,0.062,0.074,27.8,Not Adjusted
624428,0.026,0.012,0.067,27.2,Not Adjusted
503556,0.001,0.007,0.003,26.4,Not Adjusted
621311,0.041,0.02,0.073,28.5,Not Adjusted
452678,0.016,0.016,0.034,25.4,Not Adjusted
606466,0.014,0.008,0.05,28.7,Not Adjusted
455139,0.017,0.026,0.027,25.3,Not Adjusted
609280,0.046,0.027,0.103,27.9,Not Adjusted
544369,0.035,0.013,0.1,28,Not Adjusted
500871,0.032,0.033,0.07,27.9,Not Adjusted
518792,0.005,0.01,0.014,27.6,Not Adjusted
605412,-0.034,-0.025,-0.044,25.5,Not Adjusted
571437,-0.032,-0.029,-0.044,29,Not Adjusted
666971,0.009,0.018,0.002,28,Not Adjusted
519306,-0.014,-0.011,-0.017,28.2,Not Adjusted
576397,0.021,0.038,0.03,25.1,Not Adjusted
543257,0.022,0.032,0.041,27.8,Not Adjusted
621035,0.024,0.024,0.054,28.7,Not Adjusted
543401,-0.003,-0.001,0.005,26.9,Not Adjusted
516770,0.005,0.024,0.001,27.4,Not Adjusted
400121,-0.029,-0.013,-0.05,23.2,Not Adjusted
457727,-0.015,-0.001,-0.03,28.6,Not Adjusted
592743,0.017,0.024,0.038,27.1,Not Adjusted
592325,0.014,0.021,0.025,28.3,Not Adjusted
596059,0.017,0.021,0.026,28.2,Not Adjusted
474568,-0.012,-0.011,-0.005,27.6,Not Adjusted
594953,0.021,0.017,0.042,26.6,Not Adjusted
593528,-0.012,-0.007,-0.01,28.2,Not Adjusted
519346,0.022,0.016,0.049,27.1,Not Adjusted
431145,-0.003,-0.003,0.004,25.5,Not Adjusted
641598,0.018,0.027,0.024,26.3,Not Adjusted
446308,0.001,0.015,-0.006,24.3,Not Adjusted
430945,0.009,0.017,0.014,26.7,Not Adjusted
622666,0.04,0.037,0.086,26.3,Not Adjusted
592348,0.016,0.016,0.035,29.2,Not Adjusted
460026,-0.002,-0.011,0.013,25.6,Not Adjusted
641343,0.002,-0.007,0.032,27.9,Not Adjusted
581527,-0.022,-0.028,-0.017,27,Not Adjusted
571697,0.058,0.058,0.099,26.4,Not Adjusted
622110,0.019,0.032,0.023,27.8,Not Adjusted
514917,0.016,0.023,0.028,29.2,Not Adjusted
543543,0.008,0.027,0.001,27.8,Not Adjusted
621043,0.009,0.013,0.037,27.8,Not Adjusted
572122,-0.016,-0.024,-0.008,25.8,Not Adjusted
516416,0.024,0.038,0.03,27.9,Not Adjusted
640447,0.012,0.014,0.036,28,Not Adjusted
628338,-0.008,-0.008,-0.004,28.5,Not Adjusted
467827,0.011,0.027,0.005,26.5,Not Adjusted
645277,0.022,0.014,0.053,28.7,Not Adjusted
545358,0.011,0.025,0.003,25.8,Not Adjusted
621563,0.037,0.043,0.071,28.4,Not Adjusted
543333,0.008,0.014,0.024,26.2,Not Adjusted
641531,-0.01,-0.004,-0.014,28.6,Not Adjusted
518618,0.026,0.029,0.041,26.8,Not Adjusted
446334,-0.005,0.001,-0.001,26.9,Not Adjusted
435622,0.015,0.011,0.041,28.1,Not Adjusted
543760,0.008,0.017,0.017,28.3,Not Adjusted
543063,0.007,0.009,0.027,25.7,Not Adjusted
571466,0.008,0.011,0.024,25,Not Adjusted
467055,0.013,0.017,0.036,25,Not Adjusted
435079,-0.001,-0.007,0.014,26.6,Not Adjusted
646240,0.011,0.011,0.034,27.3,Not Adjusted
453943,0.003,0.001,0.014,25.7,Not Adjusted
596748,0.03,0.02,0.066,25.6,Not Adjusted
444489,0.003,0.007,0.013,25,Not Adjusted
500208,-0.014,-0.023,-0.006,24.7,Not Adjusted
471865,0.041,0.032,0.075,27.5,Not Adjusted
594828,0.014,0.007,0.055,26.7,Not Adjusted
608700,0.005,-0.006,0.026,25.9,Not Adjusted
595885,-0.006,0.003,-0.009,25.1,Not Adjusted
606299,0.023,0.023,0.044,28.8,Not Adjusted
502210,0.014,0.006,0.042,27.7,Not Adjusted
660162,0.015,0.026,0.022,28.7,Not Adjusted
605480,0.044,0.049,0.077,29.9,Not Adjusted
664058,0.002,-0.002,0.021,28.1,Not Adjusted
527038,0.021,0.018,0.056,25.7,Not Adjusted
491676,-0.003,0,0,28.5,Not Adjusted
593871,0.042,0.045,0.075,28.4,Not Adjusted
622168,0.032,0.04,0.053,28.2,Not Adjusted
592696,0.048,0.054,0.07,28,Not Adjusted
542255,0.016,0.015,0.043,27.9,Not Adjusted
575929,0.029,0.04,0.039,27.6,Not Adjusted
446359,-0.003,-0.009,0.016,26.7,Not Adjusted
572287,-0.004,-0.002,-0.001,26,Not Adjusted
570799,0.032,0.02,0.061,25.6,Not Adjusted
600869,0.02,0.019,0.044,27.3,Not Adjusted
595751,0.024,0.039,0.02,28.3,Not Adjusted
500743,-0.009,-0.011,-0.004,26.5,Not Adjusted
595375,-0.008,-0.012,0.007,27.8,Not Adjusted
458731,0.016,0.015,0.041,29.2,Not Adjusted
607054,-0.003,-0.005,0.006,28.4,Not Adjusted
493329,0.035,0.034,0.07,27.6,Not Adjusted
656185,-0,0.003,0.004,29,Not Adjusted
622534,-0,-0.001,0.023,29.4,Not Adjusted
542921,0,0.001,0.007,27.2,Not Adjusted
519023,0.014,0.013,0.032,25.6,Not Adjusted
518960,-0.016,-0.007,-0.023,25,Not Adjusted
608597,0.025,0.014,0.06,26.2,Not Adjusted
605113,0.014,-0.002,0.048,28.2,Not Adjusted
547170,0.006,0,0.026,27.2,Not Adjusted
572008,-0.036,-0.021,-0.064,28.3,Not Adjusted
445055,0.016,0.025,0.024,26,Not Adjusted
600524,0.037,0.045,0.065,27.4,Not Adjusted
543939,0.029,0.027,0.067,27.7,Not Adjusted
517369,-0.002,0.002,0.009,28.6,Not Adjusted
643396,0.017,0.009,0.046,28.1,Not Adjusted
642708,0.007,0.007,0.021,29.5,Not Adjusted
570560,0.014,0.012,0.035,28.1,Not Adjusted
543510,-0.027,-0.009,-0.045,25.8,Not Adjusted
664056,0.044,0.046,0.074,30.1,Not Adjusted
542340,0.03,0.043,0.04,27.7,Not Adjusted
462101,0.014,0.02,0.023,27,Not Adjusted
460576,0.003,0.003,0.007,28,Not Adjusted
543484,-0.006,-0.011,0.011,28.7,Not Adjusted
643393,0.045,0.044,0.092,27.5,Not Adjusted
519222,0.026,0.017,0.053,26.4,Not Adjusted
541650,0.012,0.017,0.02,28,Not Adjusted
621020,0.013,0.008,0.033,29.5,Not Adjusted
594011,-0.014,-0.008,-0.014,28.5,Not Adjusted
642715,0.049,0.069,0.067,28.5,Not Adjusted
572821,0.025,0.018,0.063,26.8,Not Adjusted
592444,-0.005,-0.014,0.022,29.1,Not Adjusted
621446,-0.032,-0.02,-0.037,29.4,Not Adjusted
546318,0.037,0.031,0.072,26.6,Not Adjusted
608365,0.012,0.02,0.019,27.6,Not Adjusted
594694,0.002,-0.004,0.027,28.6,Not Adjusted
543877,-0.038,-0.037,-0.053,25.3,Not Adjusted
544725,0.02,0.021,0.033,28.6,Not Adjusted
456488,0.017,0.012,0.044,27.5,Not Adjusted
543308,0.036,0.045,0.048,26.5,Not Adjusted
605486,0.015,0.024,0.023,29,Not Adjusted
501303,0.02,0.021,0.032,26.9,Not Adjusted
451594,-0.014,-0.021,0,27.4,Not Adjusted
641313,0.021,0.017,0.048,28.8,Not Adjusted
578428,0.032,0.028,0.063,28,Not Adjusted
588751,-0.004,0.004,0.005,27,Not Adjusted
523253,0.003,0.017,-0.007,27.4,Not Adjusted
444876,-0.009,-0.003,-0.009,27.6,Not Adjusted
448801,-0.031,-0.018,-0.055,25.5,Not Adjusted
546991,0.036,0.045,0.064,27.9,Not Adjusted
408314,-0.014,-0.031,0.015,27.5,Not Adjusted
543281,0.018,0.03,0.02,27.1,Not Adjusted
520471,0.028,0.037,0.049,26.8,Not Adjusted
570731,0.026,0.01,0.066,27.5,Not Adjusted
664068,-0.001,0.008,-0.002,29.4,Not Adjusted
595281,0.018,0.008,0.062,29,Not Adjusted
593934,0.031,0.033,0.053,26.8,Not Adjusted
518586,0.073,0.056,0.135,28.4,Not Adjusted
608671,0.041,0.038,0.077,29,Not Adjusted
595978,0.04,0.027,0.084,25.9,Not Adjusted
572191,0.019,0.024,0.032,29,Not Adjusted
452254,-0.004,0.005,-0.001,28.2,Not Adjusted
543829,0.021,0.018,0.042,29,Not Adjusted
455117,0.019,0.023,0.035,24,Not Adjusted
472528,-0.001,0.014,-0.013,24,Not Adjusted
543376,0,-0.002,0.012,26.4,Not Adjusted
571740,0.029,0.022,0.07,30.1,Not Adjusted
592261,0.023,0.033,0.039,30,Not Adjusted
457706,0.032,0.043,0.04,27.5,Not Adjusted
593700,0.059,0.044,0.118,28.5,Not Adjusted
641553,0.033,0.036,0.052,30.2,Not Adjusted
606115,0.024,0.032,0.037,26.7,Not Adjusted
506702,-0.002,-0.003,0.002,23.9,Not Adjusted
