player_id,woba_diff,ba_diff,slg_diff,sprint_speed,year
408234,-0.012,0.021,-0.052,24,Not Adjusted
545361,-0,0.008,0.001,29.7,Not Adjusted
547180,0.049,0.041,0.098,27.7,Not Adjusted
458015,0.015,0.035,0.014,25.4,Not Adjusted
120074,-0.032,-0.024,-0.059,22.8,Not Adjusted
518692,-0.044,-0.022,-0.096,25.4,Not Adjusted
519317,-0.013,-0.014,-0.043,27.1,Not Adjusted
457705,-0.017,0.008,-0.033,28.5,Not Adjusted
448801,-0.007,0.002,-0.029,27,Not Adjusted
502671,0.025,0.049,0.014,27.4,Not Adjusted
593934,0.006,0.026,-0.016,27.8,Not Adjusted
502110,-0.012,0.009,-0.047,27.9,Not Adjusted
430832,0.005,-0.008,0.001,25.6,Not Adjusted
518626,0.017,0.023,0.025,26.6,Not Adjusted
572761,-0.006,-0.003,-0.012,27,Not Adjusted
443558,0.023,0.024,0.018,26.1,Not Adjusted
429665,0.019,0.014,0.029,25,Not Adjusted
519203,0.012,0.01,0.02,26,Not Adjusted
493316,0,0.006,0.003,28.4,Not Adjusted
446263,-0.008,-0.006,-0.018,25.2,Not Adjusted
121347,-0.005,0.003,-0.022,23.9,Not Adjusted
475582,-0.037,-0.036,-0.046,26,Not Adjusted
407893,0.016,0.005,0.056,24.4,Not Adjusted
434778,-0,0.014,-0.017,24.3,Not Adjusted
457759,0.008,0.012,0.008,26.1,Not Adjusted
543807,0,0.005,-0.014,28.8,Not Adjusted
474832,-0,0.017,-0.014,26.7,Not Adjusted
408236,-0.005,-0.001,-0.029,23.9,Not Adjusted
457763,0.005,0.024,-0.011,25.2,Not Adjusted
628356,-0.002,0.009,-0.022,26.7,Not Adjusted
519048,-0.01,0.003,-0.026,24.8,Not Adjusted
434158,-0.001,0.003,-0.018,27.6,Not Adjusted
656941,0.007,0.014,0.009,27.2,Not Adjusted
134181,-0.017,-0.003,-0.032,26.4,Not Adjusted
621043,0.011,0.003,0.025,28.3,Not Adjusted
444843,0.013,0.018,0.021,27.3,Not Adjusted
460075,0.013,0.024,0.013,27.3,Not Adjusted
429667,-0.045,-0.035,-0.074,24.2,Not Adjusted
592885,-0.008,0.004,-0.019,28.7,Not Adjusted
425783,0.015,0.025,0.008,26.9,Not Adjusted
519208,-0.009,-0.004,-0.023,25.9,Not Adjusted
456715,0.012,0.02,0.014,29,Not Adjusted
572039,0.017,0.026,-0.002,28,Not Adjusted
543333,0.008,0.022,0.01,27.1,Not Adjusted
429664,-0.012,0,-0.026,24.5,Not Adjusted
572122,-0.011,-0.013,-0.026,26,Not Adjusted
502143,0.022,0.021,0.029,26.9,Not Adjusted
475253,-0.014,-0.022,-0.035,23.9,Not Adjusted
425902,0.016,0.033,0.003,24.8,Not Adjusted
452655,0.004,0.006,0.019,27.3,Not Adjusted
592178,0.027,0.048,0.025,28.6,Not Adjusted
444482,0.039,0.04,0.068,27.7,Not Adjusted
592518,0.03,0.025,0.04,27.4,Not Adjusted
476883,-0.007,-0.011,-0.008,25.3,Not Adjusted
467793,-0.009,-0.008,-0.02,25.5,Not Adjusted
592626,-0.005,0.003,-0.008,27.1,Not Adjusted
405395,-0.006,-0.02,-0.011,23.3,Not Adjusted
572041,0.033,0.029,0.047,29,Not Adjusted
488726,0.03,0.026,0.058,25.9,Not Adjusted
543401,0.017,0.021,0.036,27.3,Not Adjusted
518735,-0.003,0.012,-0.013,24,Not Adjusted
136860,0.011,0.007,0.016,25.5,Not Adjusted
456078,-0.014,-0.008,-0.024,24.9,Not Adjusted
408045,-0.023,-0.006,-0.043,26.6,Not Adjusted
501981,0.019,0.026,0.018,26.9,Not Adjusted
452234,-0.002,-0.001,0.001,26.5,Not Adjusted
407812,0.019,0.026,0.046,25.9,Not Adjusted
446334,-0.005,0.014,-0.034,27.4,Not Adjusted
472528,-0.007,-0.014,-0.016,25.5,Not Adjusted
499624,0.05,0.054,0.059,26.1,Not Adjusted
543063,0.002,0.01,0,26.8,Not Adjusted
516782,0.008,0.023,-0.003,29.6,Not Adjusted
474892,-0.01,-0.005,-0.029,26.4,Not Adjusted
605141,0.023,0.02,0.043,28.7,Not Adjusted
461314,-0.003,0.01,-0.011,25.9,Not Adjusted
150029,-0.028,-0.025,-0.057,25.8,Not Adjusted
547989,0.034,0.028,0.045,25.6,Not Adjusted
502517,-0.002,0.003,-0.001,25.7,Not Adjusted
471083,0.001,0.017,-0.006,24.3,Not Adjusted
489149,-0.029,-0.024,-0.053,26.5,Not Adjusted
456714,-0.015,0.009,-0.046,23.6,Not Adjusted
431145,0.014,0.008,0.032,26.1,Not Adjusted
471865,0.039,0.022,0.061,26.4,Not Adjusted
543768,0.023,0.021,0.021,26,Not Adjusted
430945,0.009,0.012,-0.013,28.1,Not Adjusted
518618,0.021,0.028,0.016,27.6,Not Adjusted
461858,-0.004,-0.003,-0.011,26.3,Not Adjusted
596748,0.036,0.024,0.034,26.7,Not Adjusted
519058,0.03,0.032,0.04,25.6,Not Adjusted
400121,-0.037,-0.019,-0.065,22.4,Not Adjusted
461235,-0.015,0.004,-0.043,26.8,Not Adjusted
570731,0.016,0.017,-0.006,26.8,Not Adjusted
458731,0.005,0.009,0.002,28.8,Not Adjusted
571976,0.012,0.018,0.014,28.6,Not Adjusted
573131,-0.011,-0.013,-0.02,25.6,Not Adjusted
465041,0.02,0.041,0.007,26.1,Not Adjusted
433217,0.051,0.038,0.09,26.9,Not Adjusted
571448,0.05,0.023,0.054,26.1,Not Adjusted
475174,0.006,0.024,0.01,24.8,Not Adjusted
501896,0.004,0.013,0.005,26.7,Not Adjusted
457708,0.018,0.026,0.033,28,Not Adjusted
452252,0.031,0.038,0.033,23.9,Not Adjusted
502210,0.016,0.013,0.034,27.8,Not Adjusted
460086,0.031,0.036,0.034,26.1,Not Adjusted
543685,-0.005,0.018,-0.015,27.7,Not Adjusted
425509,0.004,0.012,-0.004,25.9,Not Adjusted
542303,-0.017,-0.002,-0.043,28.2,Not Adjusted
453943,0.023,0.011,0.031,25.8,Not Adjusted
488862,0.03,0.047,0.033,25.6,Not Adjusted
545341,0.052,0.045,0.073,28.7,Not Adjusted
592206,-0.007,0.002,-0.014,26.5,Not Adjusted
458085,0.019,0.012,0.043,26.5,Not Adjusted
434604,-0.027,0.001,-0.074,24.6,Not Adjusted
435062,0.008,0.018,0.003,26.7,Not Adjusted
523253,0.033,0.034,0.044,28.4,Not Adjusted
518960,-0.004,0.007,-0.001,25.5,Not Adjusted
624585,-0.005,0.008,-0.012,27.6,Not Adjusted
519390,0.018,0.017,0.046,26,Not Adjusted
452104,-0.01,0.003,-0.032,25.6,Not Adjusted
624577,0.011,0.016,0.021,28.5,Not Adjusted
455139,0.015,0.013,0.031,25.7,Not Adjusted
450314,0.033,0.02,0.057,27.2,Not Adjusted
514913,-0.013,-0.003,-0.023,26,Not Adjusted
554429,-0.011,-0.016,-0.003,26.5,Not Adjusted
444432,0.012,0.019,0.01,27.2,Not Adjusted
543305,-0.001,0.001,-0.023,28.4,Not Adjusted
457803,-0.006,-0.007,0,25.9,Not Adjusted
605412,0.049,0.047,0.065,26.5,Not Adjusted
518595,0.041,0.034,0.08,26.6,Not Adjusted
446308,0.007,0.019,0.009,24.8,Not Adjusted
543376,-0.014,-0.012,-0.026,26.5,Not Adjusted
453064,0.023,0.028,0.02,26.2,Not Adjusted
435522,0.014,0.02,0.003,26.2,Not Adjusted
571875,0.001,0.014,-0.003,26.6,Not Adjusted
543068,0.006,0.014,-0.001,26,Not Adjusted
571506,0.032,0.026,0.03,24.4,Not Adjusted
541645,-0.016,-0.002,-0.028,29.1,Not Adjusted
594777,0.006,0.014,0,26.5,Not Adjusted
622110,0.021,0.028,0.024,28.2,Not Adjusted
543543,0.009,0.018,0.027,27.7,Not Adjusted
596019,0.049,0.048,0.094,28.5,Not Adjusted
150229,0.024,0.03,0.033,23.9,Not Adjusted
446386,0.034,0.035,0.047,28.2,Not Adjusted
501659,0.004,0.007,0.012,28.5,Not Adjusted
429713,-0.005,0.004,-0.013,26.5,Not Adjusted
476704,-0.002,-0.021,-0.008,26.3,Not Adjusted
445988,0.012,0.018,0.014,26.9,Not Adjusted
605512,0.012,-0.007,0.005,26.9,Not Adjusted
592192,0.019,0.019,0.015,28.2,Not Adjusted
435079,0.032,0.029,0.047,26.9,Not Adjusted
408252,0.012,0.016,0.017,25.8,Not Adjusted
592663,-0.005,-0.01,-0.022,28.8,Not Adjusted
434670,0.005,-0.002,0.008,26.5,Not Adjusted
458675,0.036,0.027,0.049,27.9,Not Adjusted
453568,0.043,0.042,0.071,27.9,Not Adjusted
570256,0.003,0.011,0.007,28.6,Not Adjusted
451594,0.032,0.025,0.069,28.4,Not Adjusted
435263,0.026,0.012,0.039,23.2,Not Adjusted
453923,0.038,0.049,0.058,28.4,Not Adjusted
543939,0.011,0.01,0.025,27.5,Not Adjusted
500871,0.024,0.024,0.047,27.5,Not Adjusted
594828,0.018,0.003,0.031,27.4,Not Adjusted
543228,-0.016,-0.007,-0.032,26.7,Not Adjusted
400284,-0.025,-0.031,-0.016,27.5,Not Adjusted
518934,0.03,0.048,0.035,27.2,Not Adjusted
457727,0.01,0.012,0.009,29.1,Not Adjusted
346874,0.022,0.023,0.039,26.3,Not Adjusted
435063,0.024,0.029,0.035,25.2,Not Adjusted
518792,0.048,0.05,0.084,27.4,Not Adjusted
542994,0.029,0.039,0.033,28.1,Not Adjusted
570482,-0.026,-0.022,-0.048,26.8,Not Adjusted
572019,0.044,0.036,0.07,26.8,Not Adjusted
407781,0.022,0.02,0.033,28,Not Adjusted
514888,0.053,0.055,0.075,28.5,Not Adjusted
455976,0.033,0.045,0.047,25.4,Not Adjusted
460576,0.021,0.023,0.018,28.6,Not Adjusted
133380,0.015,0.012,0.02,24.2,Not Adjusted
467092,-0.029,-0.015,-0.047,23.9,Not Adjusted
594809,0.053,0.049,0.084,28.9,Not Adjusted
572821,0.03,0.013,0.029,27.8,Not Adjusted
425560,-0.01,0.003,-0.033,24.3,Not Adjusted
457706,0.013,0.017,0.016,28.2,Not Adjusted
430637,0.03,0.032,0.026,27.4,Not Adjusted
543434,0.014,0.018,0.009,29.6,Not Adjusted
519237,-0.001,0.008,-0.016,25.2,Not Adjusted
456030,0.056,0.057,0.081,27,Not Adjusted
425766,0.003,0.013,0.001,24,Not Adjusted
466320,0.016,0.013,0.031,25.8,Not Adjusted
592743,-0.001,0.006,0,27,Not Adjusted
453400,-0.017,0.015,-0.056,26.1,Not Adjusted
576397,0.01,0.017,-0.01,24.7,Not Adjusted
607054,-0.004,0.007,-0.013,28.5,Not Adjusted
519306,0.025,0.024,0.028,28.6,Not Adjusted
519025,-0.032,-0.024,-0.053,28,Not Adjusted
571788,0.032,0.035,0.052,28.6,Not Adjusted
596059,0.044,0.033,0.08,28.1,Not Adjusted
593428,0.049,0.056,0.057,28.3,Not Adjusted
467827,0.045,0.044,0.076,26.6,Not Adjusted
595281,0.02,0.006,0.053,29.7,Not Adjusted
598265,0.066,0.057,0.136,27.4,Not Adjusted
521692,0.012,0.001,-0.011,25.5,Not Adjusted
474568,-0.023,-0.011,-0.035,27.7,Not Adjusted
453056,0.005,0.017,0.015,27.5,Not Adjusted
430203,-0.009,-0.007,-0.005,26.3,Not Adjusted
452678,0.033,0.039,0.034,26.5,Not Adjusted
457477,0.04,0.034,0.071,27.7,Not Adjusted
543760,0.025,0.024,0.016,28.9,Not Adjusted
455759,0.046,0.028,0.085,27.7,Not Adjusted
116338,0.018,0.009,0.015,26.5,Not Adjusted
519184,0.031,0.037,0.048,28.4,Not Adjusted
500208,0.039,0.029,0.063,25.3,Not Adjusted
150212,0.021,0.026,0.018,27.3,Not Adjusted
449181,0.018,0.002,0.046,30,Not Adjusted
435559,-0.016,-0.011,-0.046,25.7,Not Adjusted
448602,0.026,0.039,0.024,25.8,Not Adjusted
596119,0.028,0.022,0.045,27.9,Not Adjusted
425796,0.024,0.012,0.055,26.3,Not Adjusted
503556,0.046,0.037,0.065,26.2,Not Adjusted
431094,-0.002,0.001,-0.02,27.7,Not Adjusted
543281,0.031,0.041,0.042,27.2,Not Adjusted
544369,0.021,0.021,0.044,28.4,Not Adjusted
606466,0.049,0.048,0.087,28.1,Not Adjusted
517370,0.034,0.041,0.036,27.4,Not Adjusted
543213,0.022,0.023,0.046,28,Not Adjusted
502082,0.007,0.009,0.012,27,Not Adjusted
608070,-0.001,-0.011,0.012,28,Not Adjusted
461815,0.036,0.045,0.059,26.9,Not Adjusted
605486,0.038,0.036,0.077,28.9,Not Adjusted
425567,-0.001,0.007,0.002,28.2,Not Adjusted
572365,0.017,0.027,0.034,27.3,Not Adjusted
501983,0.013,0.015,0.028,26.6,Not Adjusted
455104,0.001,0.004,-0.009,25.3,Not Adjusted
605125,0.019,0.019,0.02,26.8,Not Adjusted
434563,-0.02,-0.014,-0.028,25.6,Not Adjusted
445055,-0.026,-0.021,-0.048,26.1,Not Adjusted
430897,0.006,0.007,0.021,24.3,Not Adjusted
546318,0.055,0.065,0.074,27.9,Not Adjusted
607680,0.032,0.029,0.053,28.7,Not Adjusted
430947,0.002,0.011,0.001,27.9,Not Adjusted
456665,0.03,0.008,0.026,26.9,Not Adjusted
572033,0.046,0.023,0.071,26.2,Not Adjusted
430948,-0.007,0.006,-0.016,24.9,Not Adjusted
514917,0.03,0.039,0.037,29.9,Not Adjusted
543510,0.021,0.026,0.032,26.8,Not Adjusted
462101,0.016,0.02,0.033,27.7,Not Adjusted
467070,0.02,0.007,0.014,27.8,Not Adjusted
435622,0.019,0.024,0.028,28.7,Not Adjusted
276519,0.008,-0.001,0.018,27,Not Adjusted
461416,0.023,0.024,0.043,27.8,Not Adjusted
475100,0.032,0.045,0.043,27.5,Not Adjusted
572191,0.001,0.01,-0.009,28.7,Not Adjusted
460060,-0.013,-0.009,-0.053,27.1,Not Adjusted
460026,0.076,0.067,0.096,26,Not Adjusted
573135,-0.007,-0.011,0.004,28.3,Not Adjusted
516770,0.018,0.032,0.011,27.5,Not Adjusted
493114,0.057,0.061,0.088,26.7,Not Adjusted
588751,0.029,0.036,0.03,28.9,Not Adjusted
630111,0.038,0.04,0.047,27.3,Not Adjusted
488771,0.015,0.005,0.037,26.4,Not Adjusted
467055,0.02,0.026,0.015,24.7,Not Adjusted
449107,-0.002,-0.003,0.003,27.7,Not Adjusted
501571,0.013,0.016,0.011,28.4,Not Adjusted
444876,0.004,0.008,0.002,27.4,Not Adjusted
542208,0.017,0.019,0.02,26.3,Not Adjusted
527038,0.039,0.027,0.061,25.8,Not Adjusted
592261,0.052,0.059,0.092,30.6,Not Adjusted
434658,0.055,0.038,0.107,29.2,Not Adjusted
456422,0.004,0.021,-0.005,28,Not Adjusted
475247,0.014,0.017,0.022,26.8,Not Adjusted
431171,-0.022,-0.017,-0.028,24.6,Not Adjusted
459964,-0.01,-0.018,0.002,26.3,Not Adjusted
553993,0.064,0.065,0.102,27,Not Adjusted
425877,0.023,0.037,0.023,23.3,Not Adjusted
435401,0.018,0.018,0.039,26.4,Not Adjusted
608700,-0.012,-0.006,-0.045,26.9,Not Adjusted
542255,0.062,0.067,0.096,28,Not Adjusted
519083,0.046,0.031,0.065,28,Not Adjusted
543829,0.075,0.087,0.103,29,Not Adjusted
430910,0.033,0.045,0.046,24.5,Not Adjusted
520471,0.021,0.036,0.025,27.2,Not Adjusted
543238,0.042,0.044,0.073,28.3,Not Adjusted
608365,0.042,0.042,0.053,28,Not Adjusted
434636,0.019,0.03,0.025,28.2,Not Adjusted
571466,0.023,0.028,0.041,25.6,Not Adjusted
519299,0.005,0.008,0.01,26.3,Not Adjusted
592696,0.056,0.05,0.078,28.5,Not Adjusted
452239,0.011,0.015,0.015,29.6,Not Adjusted
452220,0.025,0.003,0.055,26.5,Not Adjusted
452095,0.03,0.042,0.031,25.6,Not Adjusted
457787,0.053,0.052,0.09,27.8,Not Adjusted
545350,0.031,0.032,0.048,29.5,Not Adjusted
493351,0.023,0.017,0.045,26.5,Not Adjusted
570560,0.006,-0.006,0.023,27.7,Not Adjusted
430404,0.039,0.037,0.042,26.7,Not Adjusted
541650,-0.002,0.011,-0.013,28,Not Adjusted
578428,0.063,0.069,0.093,28.4,Not Adjusted
408314,0.048,0.04,0.081,27.5,Not Adjusted
488681,0.036,0.043,0.041,27.3,Not Adjusted
543216,0.019,0.012,0.038,24.9,Not Adjusted
400085,0.001,0.008,0.008,27.9,Not Adjusted
572287,-0.014,-0.003,-0.042,26.6,Not Adjusted
453539,0.007,-0.005,0.028,28.1,Not Adjusted
628329,0.037,0.042,0.045,27.5,Not Adjusted
572008,0.01,0.016,0.016,28.6,Not Adjusted
516416,0.026,0.034,0.029,28.7,Not Adjusted
425784,-0.026,-0.009,-0.05,24.6,Not Adjusted
542993,0.077,0.076,0.127,29.1,Not Adjusted
455117,0.016,0.028,0.025,25,Not Adjusted
506560,-0.001,0,-0.003,26.8,Not Adjusted
408299,0.002,-0.008,0.022,28.1,Not Adjusted
429666,0.012,0.015,0.01,26.4,Not Adjusted
547982,0.018,0.019,0.027,28.1,Not Adjusted
605113,0.041,0.03,0.078,28.4,Not Adjusted
571697,0.056,0.05,0.089,26.8,Not Adjusted
571740,0.023,0.029,0.042,29.8,Not Adjusted
542454,0.027,0.024,0.054,28.9,Not Adjusted
408234,-0.044,-0.011,-0.112,24.3,Not Adjusted
545361,0.003,0.021,-0.015,29,Not Adjusted
120074,0.009,0.016,-0.008,23.5,Not Adjusted
518626,0.006,0.008,-0.007,27.1,Not Adjusted
458015,0.017,0.025,0,24.9,Not Adjusted
502110,-0.009,0.015,-0.039,27,Not Adjusted
572761,-0.016,-0.011,-0.038,26.6,Not Adjusted
518692,0.014,0.027,0.004,26.3,Not Adjusted
502517,0.022,0.033,0.025,26.5,Not Adjusted
443558,-0.003,0.015,-0.04,26.1,Not Adjusted
518934,0.008,0.018,0.003,27.2,Not Adjusted
467793,-0.012,-0.015,-0.026,25.8,Not Adjusted
592178,0.016,0.023,-0.012,28.6,Not Adjusted
592206,-0.03,-0.003,-0.091,26.9,Not Adjusted
434778,-0.041,-0.022,-0.083,24.2,Not Adjusted
592885,-0.01,0.003,-0.016,28.9,Not Adjusted
514888,0.015,0.026,0.009,28.4,Not Adjusted
474832,0.001,0.019,-0.007,26.3,Not Adjusted
608369,0,0.009,-0.005,26.6,Not Adjusted
429665,0.001,0.004,-0.005,25.2,Not Adjusted
456714,-0.046,-0.021,-0.097,23.5,Not Adjusted
572122,-0.007,-0.009,-0.012,25.5,Not Adjusted
493316,0,-0.002,-0.009,27.1,Not Adjusted
456665,0.005,0.012,-0.023,26.6,Not Adjusted
134181,0.009,0.013,0.005,25.9,Not Adjusted
592518,0.004,0.007,0.003,26.1,Not Adjusted
501981,-0.013,0,-0.039,27.1,Not Adjusted
474892,-0.016,-0.013,-0.038,26.6,Not Adjusted
596115,0.02,0.004,-0.009,29.6,Not Adjusted
400121,-0.008,0.004,-0.036,22.5,Not Adjusted
621043,-0.009,-0.003,-0.026,28.1,Not Adjusted
444432,0,-0.005,-0.024,27,Not Adjusted
430832,-0.003,-0.018,-0.003,25.3,Not Adjusted
502671,0.024,0.034,0.032,27.4,Not Adjusted
405395,-0.026,-0.01,-0.064,22.6,Not Adjusted
452234,-0.025,-0.015,-0.065,26,Not Adjusted
571506,-0.011,-0.003,-0.026,24.1,Not Adjusted
519203,0.038,0.035,0.056,25.9,Not Adjusted
446334,-0.003,0.006,-0.024,27.5,Not Adjusted
453568,0.042,0.031,0.057,27.7,Not Adjusted
408045,-0.025,-0.013,-0.052,26.3,Not Adjusted
518735,-0.002,-0.004,-0.005,24.2,Not Adjusted
457763,-0.01,0.009,-0.038,25.1,Not Adjusted
435522,-0,0.013,-0.017,26.2,Not Adjusted
543807,0.002,0.008,-0.006,28.4,Not Adjusted
570267,-0.008,-0.007,-0.012,27.2,Not Adjusted
459964,0.024,0.021,0.042,26,Not Adjusted
457759,0.003,0.002,0.007,26.1,Not Adjusted
592387,0.015,0.016,-0.009,26.4,Not Adjusted
429667,-0.051,-0.046,-0.085,23.2,Not Adjusted
453064,-0.021,-0.013,-0.07,25.5,Not Adjusted
476883,0.001,-0.008,-0.006,25.2,Not Adjusted
448801,-0.008,0.005,-0.029,26.5,Not Adjusted
450314,0.013,0.002,0.023,27.3,Not Adjusted
523253,-0.009,-0.001,-0.028,27.7,Not Adjusted
429711,-0.008,0.005,-0.014,25.2,Not Adjusted
502143,-0.001,0.011,-0.034,26.9,Not Adjusted
461314,-0.01,0.001,-0.035,25.3,Not Adjusted
628356,0.026,0.018,0.05,25.7,Not Adjusted
429664,0.028,0.018,0.051,24.7,Not Adjusted
594777,-0.002,0.006,-0.013,26,Not Adjusted
592626,0.018,0.011,0.026,26.4,Not Adjusted
571448,0.045,0.024,0.033,26.2,Not Adjusted
407812,-0.006,-0.01,-0.006,25.8,Not Adjusted
543105,-0.004,-0.012,-0.003,27.8,Not Adjusted
572114,0.022,0.023,0.057,28.2,Not Adjusted
547989,0.01,0.018,0.001,25.6,Not Adjusted
571830,0.003,-0.002,-0.002,25.2,Not Adjusted
547180,0.004,0.004,0.013,27.2,Not Adjusted
518960,0.024,0.024,0.033,25.5,Not Adjusted
451594,0.029,0.034,0.055,28.2,Not Adjusted
572039,0.007,0.013,-0.01,27.3,Not Adjusted
435063,0.005,0.021,-0.007,24.8,Not Adjusted
467092,0.024,0.038,0.022,24,Not Adjusted
460075,0.041,0.035,0.076,27.4,Not Adjusted
543401,0.01,0.008,0.009,27.3,Not Adjusted
543685,0.005,0.009,-0.01,28.1,Not Adjusted
457708,-0.008,-0.004,-0.027,27.4,Not Adjusted
452095,0.002,0.031,-0.016,25.3,Not Adjusted
519317,0.007,0.002,-0.006,27.5,Not Adjusted
547957,0.017,0.04,0.002,26.5,Not Adjusted
542303,-0.005,-0.004,-0.018,28,Not Adjusted
666560,-0.041,-0.03,-0.102,26.7,Not Adjusted
571875,0.018,0.01,0.038,27.2,Not Adjusted
489149,-0.016,-0.018,-0.031,26.9,Not Adjusted
630111,0.012,0.006,0.012,27,Not Adjusted
594807,-0.001,-0.007,-0.006,28.4,Not Adjusted
461235,-0.004,-0.007,-0.016,26.2,Not Adjusted
471865,0.029,0.027,0.03,27.1,Not Adjusted
518618,0.016,0.034,0.02,27.7,Not Adjusted
519048,-0.025,-0.018,-0.05,25.6,Not Adjusted
596019,0.009,0.018,0.006,27,Not Adjusted
434670,0.036,0.036,0.051,26.8,Not Adjusted
571976,0.01,0.01,0.021,28,Not Adjusted
457705,-0.002,0.007,-0.022,29.1,Not Adjusted
543257,0.033,0.027,0.051,27.8,Not Adjusted
455976,-0.009,-0.002,-0.023,25.4,Not Adjusted
570256,0.001,-0.012,0.012,27.2,Not Adjusted
607208,0.066,0.065,0.093,30.2,Not Adjusted
575929,0.034,0.03,0.044,28.3,Not Adjusted
434158,0.01,-0.006,0.033,27.3,Not Adjusted
452254,0.021,0.037,0.033,28.5,Not Adjusted
607054,-0.011,-0.012,-0.025,28.8,Not Adjusted
605141,0.052,0.044,0.081,28,Not Adjusted
608070,0.028,0.026,0.044,27.9,Not Adjusted
571980,0.047,0.047,0.083,28.3,Not Adjusted
446481,0.036,0.041,0.046,27.1,Not Adjusted
150029,0,0.002,-0.006,25.7,Not Adjusted
435263,-0.001,0,-0.005,23,Not Adjusted
456030,0.032,0.038,0.045,26.6,Not Adjusted
594824,0.012,0.024,0.021,27.8,Not Adjusted
543068,0.01,0.017,0.026,26,Not Adjusted
598265,0.029,0.032,0.057,27.4,Not Adjusted
543333,0.001,0.011,-0.007,26.2,Not Adjusted
457803,0.015,0.003,0.036,26.8,Not Adjusted
576397,0.014,0.003,0.006,25.2,Not Adjusted
475253,-0.016,-0.009,-0.049,24.1,Not Adjusted
435062,-0.021,-0.004,-0.042,26.7,Not Adjusted
516782,0.028,0.035,0.02,28.9,Not Adjusted
572821,0.048,0.033,0.069,27.8,Not Adjusted
608577,-0.004,0.005,-0.012,26.9,Not Adjusted
593934,0.012,0.024,0.006,27.8,Not Adjusted
606299,0.01,0.02,0.009,28.9,Not Adjusted
516416,0.05,0.06,0.05,28.4,Not Adjusted
425877,0.021,0.036,0.019,23.6,Not Adjusted
435079,0.035,0.023,0.056,26.8,Not Adjusted
408236,0.013,0.019,0.018,24,Not Adjusted
541645,-0.019,-0.009,-0.036,29.1,Not Adjusted
452252,-0.017,-0.015,-0.04,24.6,Not Adjusted
431145,0.001,0.01,-0.016,25.3,Not Adjusted
446386,0.031,0.023,0.058,27.9,Not Adjusted
461858,-0.009,0.005,-0.019,26.1,Not Adjusted
572204,-0.002,-0.012,0.013,28.4,Not Adjusted
346874,-0.064,-0.059,-0.103,25.5,Not Adjusted
444379,0.016,0.018,0.031,25.4,Not Adjusted
502210,0.005,0.006,-0.006,27.3,Not Adjusted
542979,0.025,0.025,0.037,29.9,Not Adjusted
649557,0.053,0.047,0.081,29.2,Not Adjusted
594828,0.028,0.015,0.035,27.2,Not Adjusted
460086,-0.014,-0.007,-0.051,26.2,Not Adjusted
430945,0.003,0.013,-0.02,28,Not Adjusted
493193,0.002,-0.008,-0.006,23.1,Not Adjusted
446308,-0.009,-0.008,-0.029,25.1,Not Adjusted
624585,0.017,0.024,0.019,27.3,Not Adjusted
624424,-0.004,-0.004,-0.003,27.3,Not Adjusted
136860,0.043,0.027,0.063,25.7,Not Adjusted
501896,0.019,0.032,0.014,27,Not Adjusted
465041,0.003,0.028,-0.005,25.6,Not Adjusted
459431,0.033,0.022,0.071,26.8,Not Adjusted
545341,0.01,0.005,-0.001,28.6,Not Adjusted
435622,0.022,0.031,0.02,28.6,Not Adjusted
594809,0.03,0.03,0.041,28.3,Not Adjusted
472528,0.037,0.035,0.046,25.6,Not Adjusted
425509,-0.006,0.005,-0.041,26.1,Not Adjusted
462101,0.031,0.031,0.056,27.5,Not Adjusted
518614,0.019,0.005,0.027,26.9,Not Adjusted
571431,0.018,0.014,-0.008,25.5,Not Adjusted
543543,0.02,0.009,0.042,27.8,Not Adjusted
488771,-0.012,-0.007,-0.027,26.7,Not Adjusted
456715,0.011,0.02,0.011,29.1,Not Adjusted
611177,-0.003,0.001,-0.014,26.4,Not Adjusted
596748,0,-0.001,-0.016,26,Not Adjusted
475174,-0.012,-0.001,-0.026,24.5,Not Adjusted
527043,0.024,0.008,0.036,28.4,Not Adjusted
453943,0.015,0.005,0.018,26.2,Not Adjusted
452678,0.035,0.029,0.037,25.5,Not Adjusted
457477,-0.033,-0.036,-0.06,27.6,Not Adjusted
434636,0.014,0.003,0.037,27.7,Not Adjusted
452655,0.004,0,0.006,27.9,Not Adjusted
425902,-0.032,-0.026,-0.044,24.2,Not Adjusted
430637,-0.006,-0.004,-0.001,27,Not Adjusted
475582,-0.03,-0.02,-0.04,27,Not Adjusted
455104,-0.025,-0.016,-0.044,25,Not Adjusted
458731,0.011,0.012,0.014,28.7,Not Adjusted
400284,0.006,-0.001,0.002,27.4,Not Adjusted
519390,-0.001,-0.002,0.001,26,Not Adjusted
608365,0.01,0.011,-0.004,28.5,Not Adjusted
466320,0.037,0.025,0.065,25.5,Not Adjusted
596059,0.031,0.026,0.045,27.7,Not Adjusted
452104,0.007,0.012,-0.005,25.7,Not Adjusted
519295,-0.021,-0.019,-0.056,27.8,Not Adjusted
457727,0.048,0.059,0.07,28.9,Not Adjusted
488862,0.023,0.036,0.022,25.5,Not Adjusted
543063,0.023,0.036,0.039,26.6,Not Adjusted
431094,0.006,0.003,-0.003,27.3,Not Adjusted
519237,0.017,0.02,0.017,25.4,Not Adjusted
543590,0.009,0.014,0.011,27.1,Not Adjusted
445988,0.032,0.026,0.043,26.6,Not Adjusted
592273,0.032,0.03,0.042,27.3,Not Adjusted
594988,0.025,0.02,0.046,28.2,Not Adjusted
572816,0.015,0.014,0.023,27.4,Not Adjusted
407893,-0.016,-0.014,-0.037,24.5,Not Adjusted
593428,0.046,0.047,0.043,28.4,Not Adjusted
527038,0.034,0.016,0.041,25.5,Not Adjusted
624577,0.018,0.023,0.027,28.1,Not Adjusted
553993,0.014,0.015,0.015,27.4,Not Adjusted
449181,0.015,0.032,0.004,29.7,Not Adjusted
453056,0.001,0.003,0.022,27.9,Not Adjusted
622110,-0.009,0.001,-0.025,27.9,Not Adjusted
453400,-0.034,-0.034,-0.074,26.2,Not Adjusted
593871,0.026,0.016,0.06,28.9,Not Adjusted
543768,0.01,0.015,0.008,26.2,Not Adjusted
489267,0.04,0.022,0.067,28.2,Not Adjusted
458675,-0.018,-0.008,-0.048,28,Not Adjusted
455117,-0.006,-0.006,-0.032,25.3,Not Adjusted
592663,0.034,0.04,0.035,28.8,Not Adjusted
425766,0.003,-0.003,0.015,24.6,Not Adjusted
571788,0.009,0.004,0.035,28.3,Not Adjusted
514917,0.037,0.041,0.061,29.6,Not Adjusted
542340,0.058,0.06,0.104,28,Not Adjusted
519306,0.01,0.025,0.002,28.8,Not Adjusted
595281,0.025,0.013,0.058,29.4,Not Adjusted
605412,0.002,0,0.011,26.3,Not Adjusted
448602,0.052,0.053,0.046,25,Not Adjusted
516770,0.016,0.017,0.026,27.5,Not Adjusted
408314,0.032,0.018,0.055,27.8,Not Adjusted
477165,-0.017,-0.014,-0.037,24.9,Not Adjusted
429666,0.012,0.017,0.01,26,Not Adjusted
460026,0.029,0.016,0.036,25.7,Not Adjusted
543760,0.021,0.018,0.019,28.4,Not Adjusted
571466,0.007,0.001,0.008,25.1,Not Adjusted
518792,-0.011,-0.012,-0.016,27.7,Not Adjusted
400085,0.028,0.033,0.052,27.8,Not Adjusted
592743,0.01,0.015,0.014,27.1,Not Adjusted
543939,0.009,0.008,0.029,27.6,Not Adjusted
500208,0.056,0.044,0.074,24.8,Not Adjusted
456078,0.029,0.036,0.038,24.9,Not Adjusted
425834,0.007,0.009,0.004,28.2,Not Adjusted
506702,0.073,0.079,0.114,25,Not Adjusted
581527,0.048,0.046,0.064,27.3,Not Adjusted
596146,0.024,0,0.069,28.2,Not Adjusted
493596,-0.008,-0.009,0.001,26.1,Not Adjusted
456488,0.036,0.043,0.043,28,Not Adjusted
521692,0.02,0.006,0.015,25.9,Not Adjusted
424825,0.013,-0.007,0.041,28.1,Not Adjusted
543510,-0.015,0.005,-0.045,26.7,Not Adjusted
502082,0.04,0.034,0.052,26.9,Not Adjusted
570731,0.033,0.024,0.047,27.5,Not Adjusted
607387,0.03,0.032,0.038,27.9,Not Adjusted
474443,-0.009,0,-0.023,25.9,Not Adjusted
457454,-0.009,0.002,-0.011,25.6,Not Adjusted
593160,0.024,0.038,0.025,29,Not Adjusted
121347,-0.027,-0.015,-0.043,23.9,Not Adjusted
571771,-0.015,-0.018,-0.037,27,Not Adjusted
445055,0.034,0.038,0.051,26.3,Not Adjusted
546318,0.054,0.061,0.073,27.3,Not Adjusted
572008,0.027,0.026,0.046,29,Not Adjusted
543434,0.027,0.023,0.037,29,Not Adjusted
607680,0.012,0.012,0.005,28.1,Not Adjusted
474568,0.021,0.019,0.029,27.6,Not Adjusted
595777,0.012,0.011,0.024,26.3,Not Adjusted
408252,0.033,0.032,0.03,26,Not Adjusted
446359,0.03,0.016,0.061,25.9,Not Adjusted
543305,-0.012,-0.008,-0.016,28.5,Not Adjusted
543213,0.004,-0.005,0.029,27.8,Not Adjusted
435559,0.023,0.018,0.039,25.6,Not Adjusted
643603,0.007,0.005,0.017,26.9,Not Adjusted
542255,0.04,0.04,0.064,27.8,Not Adjusted
588751,-0.023,-0.02,-0.029,27.6,Not Adjusted
500871,-0.01,-0.006,-0.027,27.5,Not Adjusted
541650,0.034,0.026,0.049,28.4,Not Adjusted
518595,0.001,0.011,-0.021,27,Not Adjusted
641313,0.038,0.039,0.058,28.7,Not Adjusted
425796,0.013,0.021,0.011,26.2,Not Adjusted
434658,0.025,0.017,0.032,29,Not Adjusted
519083,-0.025,-0.037,-0.029,27.6,Not Adjusted
446381,0.029,0.031,0.042,27.4,Not Adjusted
608671,0.018,0.02,0.031,29.5,Not Adjusted
430605,0.035,0.028,0.054,26.8,Not Adjusted
476704,0.009,0.023,0.003,25.3,Not Adjusted
503556,0.025,0.028,0.012,26.5,Not Adjusted
573135,0.041,0.036,0.044,28.6,Not Adjusted
592200,-0.004,-0.014,-0.012,24.5,Not Adjusted
502481,0.045,0.034,0.09,28.8,Not Adjusted
467827,0.013,0.013,0.01,26.4,Not Adjusted
547982,0.028,0.031,0.052,27.3,Not Adjusted
457787,0.024,0.023,0.015,27.7,Not Adjusted
488818,0.018,0.022,0.034,29.1,Not Adjusted
471083,0.03,0.028,0.039,23.4,Not Adjusted
458085,-0,-0.006,0.01,26.2,Not Adjusted
544369,0.051,0.033,0.091,28.1,Not Adjusted
578428,0.016,0.013,0.033,28.5,Not Adjusted
485567,0.034,0.041,0.057,28.3,Not Adjusted
595879,0.05,0.055,0.065,28.9,Not Adjusted
460576,0.03,0.023,0.023,28.9,Not Adjusted
542436,0.009,0.006,0.023,27.3,Not Adjusted
592696,0.04,0.047,0.054,28.5,Not Adjusted
543281,0.038,0.051,0.043,27.9,Not Adjusted
493114,0.061,0.063,0.099,27.3,Not Adjusted
596144,0.053,0.043,0.067,26.7,Not Adjusted
150229,-0.026,-0.022,-0.036,24.4,Not Adjusted
571697,0.053,0.05,0.095,25.4,Not Adjusted
605113,-0.016,-0.008,-0.037,28.5,Not Adjusted
572073,0.044,0.052,0.06,28.2,Not Adjusted
542454,0.005,0.019,-0.006,27.8,Not Adjusted
453923,0.012,0.016,0.027,28.2,Not Adjusted
570717,-0.009,-0.004,-0.006,27.3,Not Adjusted
456422,0.041,0.042,0.059,28.1,Not Adjusted
545350,0.002,-0.002,0.019,29.2,Not Adjusted
543228,-0.03,-0.038,-0.037,26.6,Not Adjusted
444876,0.025,0.026,0.036,27.5,Not Adjusted
520471,0.031,0.017,0.051,27.6,Not Adjusted
435064,0.018,0.023,0.04,23.9,Not Adjusted
493351,0.013,0,0.022,26.5,Not Adjusted
488721,0.041,0.033,0.077,29.6,Not Adjusted
571740,0.048,0.045,0.085,30.2,Not Adjusted
621439,0.058,0.037,0.107,30.9,Not Adjusted
606466,0.021,0.026,0.038,28.4,Not Adjusted
542208,0.004,-0.004,0.013,26.5,Not Adjusted
519184,0.005,0.003,0.018,27.3,Not Adjusted
425900,0.017,0.01,0.036,23.1,Not Adjusted
430947,0.033,0.032,0.051,27.8,Not Adjusted
542993,0.021,0.019,0.045,29.3,Not Adjusted
543829,0.065,0.072,0.095,29.7,Not Adjusted
592450,-0.011,0.003,-0.024,28,Not Adjusted
502110,0.007,0.009,0.01,27,Not Adjusted
545361,0.02,0.02,0.055,29.4,Not Adjusted
458015,0.015,0.026,0.028,24.9,Not Adjusted
500874,-0.032,-0.013,-0.071,27.6,Not Adjusted
443558,-0.012,0.007,-0.04,25.5,Not Adjusted
519317,0.014,0.009,0.038,27.8,Not Adjusted
518692,0.013,0.027,0.008,26.5,Not Adjusted
502671,0.007,0.017,0.004,26.8,Not Adjusted
457759,0.009,0.031,-0.007,25.3,Not Adjusted
519203,-0.01,-0.007,-0.008,25.7,Not Adjusted
488671,-0.025,0.001,-0.074,25,Not Adjusted
518626,0.01,0.017,0.019,26.3,Not Adjusted
429665,-0.014,-0.005,-0.022,24.4,Not Adjusted
475253,-0.014,-0.005,-0.029,24,Not Adjusted
621043,0.01,0.013,0.021,27.7,Not Adjusted
501981,-0.021,-0.008,-0.039,26.5,Not Adjusted
608369,-0.017,-0.002,-0.04,26.9,Not Adjusted
547180,0.038,0.038,0.07,27.7,Not Adjusted
572761,-0.017,-0.01,-0.026,26.6,Not Adjusted
502054,0.023,0.029,0.038,28.7,Not Adjusted
474832,-0.023,-0.015,-0.046,26.8,Not Adjusted
543807,0.001,0.004,0.006,28,Not Adjusted
624424,0.018,0.021,0.041,27.7,Not Adjusted
596142,-0.006,-0.003,-0.006,26,Not Adjusted
475582,0.016,0.019,0.027,26.8,Not Adjusted
592206,-0.029,-0.017,-0.048,28.1,Not Adjusted
408234,-0.055,-0.03,-0.119,24.8,Not Adjusted
608336,-0.003,-0.008,0.002,27.9,Not Adjusted
408045,-0.016,0.001,-0.047,26.1,Not Adjusted
592178,0.035,0.047,0.059,28.9,Not Adjusted
476704,-0.017,-0.011,-0.03,26.6,Not Adjusted
475174,0.004,0.007,0.006,24.6,Not Adjusted
425783,-0.023,-0.003,-0.049,26.2,Not Adjusted
605131,0.025,0.015,0.068,27.2,Not Adjusted
489149,0.003,0,0.015,26.7,Not Adjusted
519048,-0.034,-0.015,-0.072,25.6,Not Adjusted
542303,0.029,0.037,0.042,27.8,Not Adjusted
571448,0.036,0.035,0.067,25.6,Not Adjusted
543685,0.035,0.037,0.072,27.5,Not Adjusted
592518,-0.031,-0.02,-0.042,26.2,Not Adjusted
452252,0.005,0.029,0.011,24.8,Not Adjusted
453568,0.058,0.052,0.105,28.2,Not Adjusted
541645,0.019,0.044,0.004,29.1,Not Adjusted
502517,0.029,0.026,0.057,26.2,Not Adjusted
641355,0.024,0.02,0.056,28.9,Not Adjusted
457705,0.005,0.005,0.016,28.9,Not Adjusted
457708,0.023,0.025,0.04,28.3,Not Adjusted
467793,-0.005,-0.003,-0.002,26,Not Adjusted
608070,0.043,0.024,0.105,28,Not Adjusted
134181,0.031,0.034,0.073,24.2,Not Adjusted
592885,-0.006,0.005,-0.008,28.3,Not Adjusted
571506,0.022,0.027,0.05,24.1,Not Adjusted
570267,0.021,0.016,0.049,27.2,Not Adjusted
624577,-0.002,0.002,0.003,28.1,Not Adjusted
493316,0.019,0.027,0.027,27.5,Not Adjusted
429664,-0.016,-0.009,-0.028,24.1,Not Adjusted
553993,0.007,0.004,0.027,26.9,Not Adjusted
459964,-0.006,-0.005,0.006,26.5,Not Adjusted
453943,-0.014,-0.014,-0.018,26.6,Not Adjusted
547989,0.03,0.028,0.059,26.8,Not Adjusted
596019,0.006,0.004,0.019,28,Not Adjusted
451594,0.011,-0.002,0.044,28.1,Not Adjusted
457803,0.004,0.001,0.024,26.3,Not Adjusted
434778,-0.026,-0.014,-0.055,23.4,Not Adjusted
452234,-0.013,-0.005,-0.016,26.4,Not Adjusted
543333,0.032,0.04,0.054,27.1,Not Adjusted
461314,-0.017,-0.006,-0.038,24.8,Not Adjusted
452095,0.016,0.021,0.027,25.7,Not Adjusted
543257,-0.013,-0.017,-0.006,27.9,Not Adjusted
543305,0.022,0.026,0.055,28.5,Not Adjusted
519306,0.007,0.008,0.012,29,Not Adjusted
514888,0.065,0.075,0.102,28.4,Not Adjusted
460075,0.007,0.009,0.024,27.1,Not Adjusted
593934,0.021,0.032,0.026,26.9,Not Adjusted
434670,-0.022,-0.015,-0.045,26.1,Not Adjusted
656941,-0.007,-0.006,-0.013,26.9,Not Adjusted
457763,0.027,0.05,0.028,24.5,Not Adjusted
521692,-0.011,0,-0.022,25.5,Not Adjusted
435522,0.008,0.009,0.025,26.2,Not Adjusted
519346,0.031,0.025,0.071,27.2,Not Adjusted
456715,0.01,0.012,0.023,28.7,Not Adjusted
571431,0.009,0.009,0.023,26,Not Adjusted
572122,-0.011,-0.002,-0.014,26,Not Adjusted
446263,0.004,-0.012,0.034,25.6,Not Adjusted
594828,-0.011,-0.016,-0.006,26.6,Not Adjusted
501896,-0.01,0.011,-0.018,26,Not Adjusted
461235,-0.035,-0.023,-0.066,26.4,Not Adjusted
488726,0.007,0.016,0.018,26,Not Adjusted
571437,0.024,0.019,0.053,28.9,Not Adjusted
543510,-0.019,-0.007,-0.041,26.7,Not Adjusted
640461,-0.02,-0.005,-0.038,27.7,Not Adjusted
594988,-0.005,-0.011,0.011,28.3,Not Adjusted
457706,0.037,0.046,0.076,27.8,Not Adjusted
502210,0.019,0.03,0.052,27.7,Not Adjusted
518934,0.008,0.015,0.015,27.1,Not Adjusted
572821,0.028,0.036,0.039,27.1,Not Adjusted
572041,0.006,-0.007,0.036,28.6,Not Adjusted
543068,-0.02,-0.008,-0.037,25.8,Not Adjusted
502082,0.036,0.044,0.057,26.5,Not Adjusted
621035,0.029,0.027,0.06,29,Not Adjusted
435559,0.04,0.027,0.085,25.7,Not Adjusted
575929,0.03,0.035,0.053,27.9,Not Adjusted
456078,0.013,0.021,0.013,24.9,Not Adjusted
519058,0.014,0.011,0.038,23.8,Not Adjusted
606466,-0.012,-0.017,0.004,29.2,Not Adjusted
572039,-0.018,-0.003,-0.029,26.7,Not Adjusted
431145,-0.007,-0.008,-0.008,25.5,Not Adjusted
592626,-0.009,-0.014,-0.005,26.5,Not Adjusted
641820,0.019,0.036,0.017,27.6,Not Adjusted
645277,0.017,0.019,0.034,28.7,Not Adjusted
608324,0.021,0.017,0.049,27.6,Not Adjusted
519299,0.013,0.013,0.035,26.7,Not Adjusted
542583,0.021,0.024,0.037,24.5,Not Adjusted
455139,0.039,0.044,0.065,24.5,Not Adjusted
571875,0.023,0.019,0.059,26.9,Not Adjusted
571745,0.031,0.03,0.055,28,Not Adjusted
407812,-0.009,0.002,0,25.9,Not Adjusted
444379,-0.012,-0.014,-0.014,26.4,Not Adjusted
446359,0.064,0.045,0.151,25.9,Not Adjusted
664023,0.021,0.016,0.047,28.9,Not Adjusted
434158,0.002,-0.001,0.021,26.9,Not Adjusted
435062,0.034,0.054,0.036,26.7,Not Adjusted
452678,0.011,0.022,0.011,25.2,Not Adjusted
605141,0.012,0.004,0.041,27.9,Not Adjusted
400121,-0.024,-0.001,-0.058,22.6,Not Adjusted
570731,0.029,0.027,0.067,27.6,Not Adjusted
608384,0.018,0.023,0.044,29.1,Not Adjusted
592663,0.006,0.009,0.019,28.6,Not Adjusted
523253,-0.019,-0.004,-0.048,27.5,Not Adjusted
643217,0.007,0.02,0.01,28.3,Not Adjusted
458731,0.011,0.004,0.039,28.8,Not Adjusted
593528,-0.002,0.007,-0.013,28.5,Not Adjusted
500871,-0.005,0.002,-0.003,27.6,Not Adjusted
150029,-0.014,-0.006,-0.027,25.6,Not Adjusted
425877,-0.008,0.007,-0.014,23.7,Not Adjusted
605137,0.014,0.002,0.049,27.2,Not Adjusted
572287,0.031,0.034,0.053,26.3,Not Adjusted
435263,-0.001,-0.002,0.012,22.8,Not Adjusted
466320,-0.003,-0.001,0.009,26.2,Not Adjusted
657557,0.037,0.03,0.066,28.4,Not Adjusted
543768,0.039,0.029,0.085,25.6,Not Adjusted
571718,0.015,0.007,0.059,27.8,Not Adjusted
594777,-0.007,0.001,-0.013,26.4,Not Adjusted
448801,-0.01,-0.004,-0.013,25.1,Not Adjusted
545341,-0.006,0.003,-0.009,28.5,Not Adjusted
656305,0.011,0.012,0.026,28.7,Not Adjusted
592696,0.029,0.033,0.047,27.5,Not Adjusted
542921,0.014,0.024,0.016,28.1,Not Adjusted
543484,0.015,0.016,0.028,28.9,Not Adjusted
460576,0.023,0.021,0.048,28,Not Adjusted
493329,0.025,0.019,0.06,26.9,Not Adjusted
514917,0.027,0.037,0.042,29.4,Not Adjusted
517369,0.036,0.028,0.074,29.1,Not Adjusted
488771,-0.004,0.003,-0.012,26.2,Not Adjusted
435079,-0.006,-0.01,0,26.9,Not Adjusted
518618,0.006,0.004,0.017,27.3,Not Adjusted
607208,0.021,0.025,0.038,30.4,Not Adjusted
448602,0.04,0.044,0.061,24.5,Not Adjusted
450314,-0.015,-0.018,-0.015,27.1,Not Adjusted
445055,0.014,0.023,0.022,26.3,Not Adjusted
456030,0.015,0.023,0.029,26.1,Not Adjusted
571976,0.019,0.02,0.044,28.5,Not Adjusted
488862,0.003,0.016,-0.008,25.4,Not Adjusted
576397,0.029,0.042,0.051,25.1,Not Adjusted
452655,0.01,0.003,0.034,27.5,Not Adjusted
593160,0.018,0.026,0.023,29.2,Not Adjusted
455976,0.007,0.013,0.011,25.9,Not Adjusted
455104,0.053,0.042,0.122,25.9,Not Adjusted
527038,0.018,0.015,0.044,25.7,Not Adjusted
452104,0.017,0.028,0.025,25.3,Not Adjusted
465041,0.003,0.013,0.003,25.2,Not Adjusted
405395,-0.026,-0.017,-0.053,21.8,Not Adjusted
503556,0.071,0.063,0.137,26.7,Not Adjusted
452254,-0.008,0.014,-0.03,28.6,Not Adjusted
598265,0.002,0.011,0.004,27.5,Not Adjusted
400284,0.005,0.007,0.017,27.6,Not Adjusted
435063,-0.009,-0.005,-0.017,25.2,Not Adjusted
624428,0.012,0.009,0.033,27.5,Not Adjusted
543939,0.027,0.029,0.055,27.5,Not Adjusted
453056,0.013,0.012,0.039,28,Not Adjusted
608577,0.008,0.014,0.013,27,Not Adjusted
456665,0.014,0.012,0.029,26.9,Not Adjusted
472528,-0.001,0.002,0.021,23.6,Not Adjusted
592387,0.012,0.022,0.011,26.6,Not Adjusted
502100,0.026,0.022,0.046,28.3,Not Adjusted
571697,0.06,0.05,0.11,26.4,Not Adjusted
430945,0.027,0.032,0.043,27,Not Adjusted
518792,0.003,0.009,0.013,27,Not Adjusted
594824,0.01,0.012,0.015,27.6,Not Adjusted
543543,-0.013,-0.003,-0.019,27.7,Not Adjusted
572816,0.034,0.033,0.058,27.6,Not Adjusted
446334,0.006,0.017,0.019,27.1,Not Adjusted
543760,0.008,0.014,0.024,28.5,Not Adjusted
516416,0.029,0.04,0.041,27.1,Not Adjusted
500743,0.014,0.016,0.037,27,Not Adjusted
516782,0.008,0.029,-0.006,28.9,Not Adjusted
543281,0.028,0.026,0.05,27.6,Not Adjusted
607680,-0.002,-0.006,0.012,27.8,Not Adjusted
553882,0.019,0.024,0.03,25.3,Not Adjusted
571466,0.015,0.013,0.024,25.2,Not Adjusted
592273,0.023,0.019,0.044,27.2,Not Adjusted
518960,0.009,0.015,0.021,25.1,Not Adjusted
518595,0.006,0.002,0.025,26.7,Not Adjusted
605548,-0.003,0.011,-0.009,30,Not Adjusted
543401,-0.002,0.003,0.009,27.2,Not Adjusted
467827,0.036,0.046,0.059,26.4,Not Adjusted
462101,0.043,0.041,0.078,27.3,Not Adjusted
605412,0.028,0.039,0.056,26,Not Adjusted
622194,-0.005,0.009,-0.02,23.8,Not Adjusted
444482,0.042,0.046,0.07,27.4,Not Adjusted
571602,-0.003,0.008,-0.005,25.5,Not Adjusted
430832,-0.005,-0.002,-0.008,25.5,Not Adjusted
608365,0.006,-0.002,0.026,28.2,Not Adjusted
592669,0.017,0.011,0.038,27.2,Not Adjusted
543063,0.003,0.017,0.015,25.9,Not Adjusted
516770,0.041,0.05,0.058,27.5,Not Adjusted
546991,0.037,0.043,0.062,27.7,Not Adjusted
444489,0.026,0.034,0.031,25.7,Not Adjusted
542979,0.011,0.007,0.023,29.9,Not Adjusted
573627,0.027,0.028,0.043,25.1,Not Adjusted
570256,0,0,0.007,27.2,Not Adjusted
571771,0.014,0.004,0.05,27.4,Not Adjusted
592743,0.028,0.028,0.056,27.5,Not Adjusted
596146,0.02,0.006,0.059,28,Not Adjusted
596115,0.028,0.024,0.052,29.3,Not Adjusted
622666,0.036,0.038,0.061,26.7,Not Adjusted
546318,0.035,0.035,0.062,27.3,Not Adjusted
519184,-0.01,-0.009,-0.006,27.6,Not Adjusted
471865,0.033,0.036,0.062,26.9,Not Adjusted
502143,0.017,0.02,0.034,27,Not Adjusted
545350,0.049,0.05,0.084,29.2,Not Adjusted
455759,0.016,0.008,0.046,27.6,Not Adjusted
444432,0.001,0.003,0.002,26.5,Not Adjusted
572191,0.045,0.046,0.075,28.9,Not Adjusted
594807,0.034,0.03,0.072,27.9,Not Adjusted
596748,-0.001,-0.007,0.028,26,Not Adjusted
408252,0.024,0.021,0.045,25.9,Not Adjusted
592325,0.023,0.026,0.041,28.4,Not Adjusted
474568,0.016,0.008,0.04,27.5,Not Adjusted
457727,0.008,0.006,0.03,28.7,Not Adjusted
547379,-0.003,-0.007,0.009,24.8,Not Adjusted
571830,0.014,0.009,0.04,25.3,Not Adjusted
485567,0.044,0.057,0.062,28.1,Not Adjusted
588751,0.005,0.001,0.02,28.1,Not Adjusted
621020,-0.014,-0.005,-0.011,28.7,Not Adjusted
519390,0.01,0.008,0.03,25.5,Not Adjusted
622534,0.021,0.018,0.057,29.4,Not Adjusted
460086,-0.019,-0.009,-0.034,26.2,Not Adjusted
607345,0.012,0.024,0.014,26.6,Not Adjusted
606299,-0.014,-0.009,-0.026,28.9,Not Adjusted
493114,0.029,0.028,0.061,27.1,Not Adjusted
595879,0.04,0.043,0.063,28.5,Not Adjusted
621439,0.026,0.029,0.042,30.6,Not Adjusted
408314,0.026,0.012,0.073,27.4,Not Adjusted
543302,-0.014,-0.017,-0.017,27.1,Not Adjusted
544369,0.049,0.035,0.105,28.2,Not Adjusted
460026,0.004,0.008,0.016,26,Not Adjusted
519222,-0.035,-0.026,-0.057,26.5,Not Adjusted
600301,-0.031,-0.036,-0.032,26.8,Not Adjusted
594694,0.009,0.016,0.013,29.1,Not Adjusted
593871,0.026,0.025,0.059,28.5,Not Adjusted
543228,0.024,0.029,0.039,26.8,Not Adjusted
446308,-0.01,-0.002,-0.018,24.8,Not Adjusted
519237,0.021,0.023,0.043,24.9,Not Adjusted
544725,0.035,0.029,0.076,28.6,Not Adjusted
518614,0.036,0.035,0.072,27.2,Not Adjusted
543877,0.037,0.04,0.057,25.9,Not Adjusted
541650,0.017,0.012,0.045,28.4,Not Adjusted
502481,0.015,0.015,0.036,28.2,Not Adjusted
408236,-0.007,0.011,-0.024,23.6,Not Adjusted
542255,0.048,0.052,0.073,27.1,Not Adjusted
500208,0.031,0.028,0.064,24.7,Not Adjusted
461865,-0.006,-0.005,-0.002,27.2,Not Adjusted
543376,0.02,0.019,0.035,25.9,Not Adjusted
453064,0.013,0.018,0.017,25.6,Not Adjusted
570560,0.035,0.034,0.067,28.5,Not Adjusted
605486,0.035,0.042,0.051,28.7,Not Adjusted
628338,0.01,0.014,0.02,28.7,Not Adjusted
518735,0.048,0.044,0.087,24,Not Adjusted
461858,-0.019,-0.015,-0.029,26.9,Not Adjusted
520471,0.023,0.025,0.037,27.3,Not Adjusted
491676,0.014,0.028,0.015,29.1,Not Adjusted
136860,0.009,0.013,0.028,25.3,Not Adjusted
467055,-0.003,0.01,-0.008,25.3,Not Adjusted
606115,0.036,0.04,0.061,27.3,Not Adjusted
641319,0.035,0.045,0.044,27.1,Not Adjusted
456488,0.071,0.068,0.12,27.8,Not Adjusted
453923,0.039,0.053,0.06,28.9,Not Adjusted
455117,0.01,0.016,0.011,24.8,Not Adjusted
595281,0.069,0.068,0.114,29.3,Not Adjusted
621002,0.017,0.03,0.035,27.5,Not Adjusted
641313,0.022,0.023,0.031,28.8,Not Adjusted
578428,0.017,0.005,0.048,27.8,Not Adjusted
596059,0.006,-0.004,0.027,28.1,Not Adjusted
593428,0.056,0.053,0.106,28.3,Not Adjusted
501571,0.022,0.026,0.035,28.6,Not Adjusted
595375,0.007,0.021,0.018,28.1,Not Adjusted
434658,0.017,0.014,0.033,29.6,Not Adjusted
592261,0.054,0.073,0.078,30.1,Not Adjusted
649557,0.032,0.027,0.059,28.6,Not Adjusted
444876,0.01,0.01,0.019,27.6,Not Adjusted
430947,0.023,0.018,0.049,26.6,Not Adjusted
429666,-0.008,-0.005,-0.012,26.1,Not Adjusted
572365,0.021,0.031,0.053,26.6,Not Adjusted
572008,0.059,0.047,0.116,28.4,Not Adjusted
543829,0.059,0.069,0.085,29.4,Not Adjusted
547172,0.021,0.034,0.022,26.4,Not Adjusted
506702,0.026,0.025,0.059,23.8,Not Adjusted
542340,0.035,0.038,0.057,27.9,Not Adjusted
435622,0.055,0.061,0.086,27.7,Not Adjusted
572073,0.02,0.021,0.038,28.4,Not Adjusted
571740,0.03,0.023,0.063,30.2,Not Adjusted
446381,0.016,0.009,0.038,27.4,Not Adjusted
595978,0.031,0.022,0.062,26.4,Not Adjusted
591720,0.054,0.062,0.088,28.3,Not Adjusted
457787,-0.01,0,-0.017,27.5,Not Adjusted
605480,0.062,0.069,0.098,30.1,Not Adjusted
641553,-0.003,-0.007,0.005,30.5,Not Adjusted
573135,-0.004,0,-0.007,28.1,Not Adjusted
489267,0.037,0.034,0.073,28.3,Not Adjusted
605141,0.021,0.039,0.037,28.1,Not Adjusted
545361,0.018,0.023,0.039,29.3,Not Adjusted
502110,0.015,0.027,0.022,26.7,Not Adjusted
592885,0.011,0.013,0.034,28.6,Not Adjusted
592450,-0.003,0.006,0.001,28.1,Not Adjusted
443558,-0.032,-0.024,-0.056,24.9,Not Adjusted
458015,-0.02,0.001,-0.05,25.3,Not Adjusted
456665,-0.008,0.004,-0.011,26.2,Not Adjusted
571970,0.017,0.01,0.052,27.6,Not Adjusted
547180,-0.014,-0.012,-0.019,27.6,Not Adjusted
572761,-0.012,-0.006,-0.013,26.5,Not Adjusted
518692,-0.007,0.014,-0.024,26.7,Not Adjusted
457759,0.014,0.02,0.032,26.6,Not Adjusted
502671,0.008,0.021,0.004,26.8,Not Adjusted
502054,-0.02,-0.01,-0.037,28.7,Not Adjusted
543685,0.007,0.013,0.012,27.3,Not Adjusted
500874,-0.019,0.006,-0.052,26.5,Not Adjusted
429664,-0.01,0,-0.022,24.4,Not Adjusted
660670,0.014,0.021,0.018,29.7,Not Adjusted
660271,0.015,0.018,0.036,28.4,Not Adjusted
592206,-0.01,0.003,-0.024,27.8,Not Adjusted
553993,0.003,0.008,0.012,26.2,Not Adjusted
434778,-0.044,-0.019,-0.079,23.4,Not Adjusted
501981,-0.008,0.002,-0.012,26.1,Not Adjusted
608324,0.026,0.017,0.068,27.9,Not Adjusted
608336,-0.027,-0.024,-0.046,27.7,Not Adjusted
592518,0.008,0.012,0.024,26.1,Not Adjusted
543305,-0.009,-0.01,0.008,28.1,Not Adjusted
596019,0,-0.006,0.017,28.4,Not Adjusted
475582,-0.017,-0.001,-0.018,26.8,Not Adjusted
571745,0.001,0.011,0.003,27.8,Not Adjusted
460075,-0.036,-0.035,-0.042,26.8,Not Adjusted
608385,0.003,0.027,-0.017,26,Not Adjusted
665742,0.029,0.037,0.05,27.2,Not Adjusted
640461,-0.029,-0.008,-0.068,27.3,Not Adjusted
593428,0.012,0.012,0.032,27.9,Not Adjusted
519203,-0.002,-0.002,0.007,25.6,Not Adjusted
425783,-0.005,0.016,-0.028,26,Not Adjusted
457705,-0.012,-0.002,-0.017,28.7,Not Adjusted
608070,0.034,0.018,0.095,27.4,Not Adjusted
501896,0.001,0.017,-0.003,26.4,Not Adjusted
542303,-0.029,-0.002,-0.061,27.8,Not Adjusted
621566,-0.015,-0.002,-0.037,25.9,Not Adjusted
572039,-0.002,0.001,0.003,26.7,Not Adjusted
596115,0.032,0.029,0.062,29.7,Not Adjusted
457708,-0.003,0.01,0.001,27.9,Not Adjusted
547982,-0.028,-0.008,-0.053,27.5,Not Adjusted
429665,-0.005,0.006,0.005,24.3,Not Adjusted
488726,0.009,0.011,0.027,26,Not Adjusted
542583,0.025,0.025,0.065,24.6,Not Adjusted
547989,-0.012,-0.007,-0.008,26.7,Not Adjusted
519048,-0.024,-0.002,-0.041,25.2,Not Adjusted
543768,0.002,-0.001,0.019,26.7,Not Adjusted
571448,0.043,0.032,0.085,25.7,Not Adjusted
592663,0.004,0.009,0.015,28.7,Not Adjusted
607043,0.037,0.028,0.093,28.5,Not Adjusted
444482,0.021,0.015,0.038,27.3,Not Adjusted
461314,0.001,0.026,-0.02,26.3,Not Adjusted
624577,0.002,-0.005,0.019,28.3,Not Adjusted
474832,-0.02,0.003,-0.058,25.9,Not Adjusted
656941,-0.004,-0.005,-0.001,27.2,Not Adjusted
514888,0.017,0.033,0.012,28.1,Not Adjusted
624585,0.008,0.026,0.017,28.3,Not Adjusted
656555,0.017,0.019,0.048,26.3,Not Adjusted
643217,0.012,0.017,0.029,27.7,Not Adjusted
408045,-0.026,-0.004,-0.056,26,Not Adjusted
543807,-0.007,0.013,-0.023,27.7,Not Adjusted
594988,-0.008,-0.002,-0.01,27.8,Not Adjusted
553869,-0.004,0,0.008,26.6,Not Adjusted
519317,0.016,0.024,0.032,27.8,Not Adjusted
598265,-0.034,-0.024,-0.057,27.8,Not Adjusted
455976,0.002,0.006,0.018,26.4,Not Adjusted
453568,0.025,0.017,0.057,27.6,Not Adjusted
467793,-0.01,-0.012,0.001,26,Not Adjusted
502143,-0.032,-0.016,-0.047,26.5,Not Adjusted
596142,-0.038,-0.033,-0.06,25.8,Not Adjusted
502517,-0.003,-0.002,0.003,25.5,Not Adjusted
608384,-0.017,-0.013,-0.023,28.4,Not Adjusted
456715,0.019,0.029,0.031,28.6,Not Adjusted
606192,-0.012,0.006,-0.029,28.6,Not Adjusted
593160,0.01,0.027,0.016,29.1,Not Adjusted
592178,0.02,0.03,0.036,28,Not Adjusted
595909,-0.007,0.01,-0.006,27.8,Not Adjusted
465041,0.016,0.029,0.032,25.8,Not Adjusted
543068,0.008,0.009,0.018,26.3,Not Adjusted
571976,-0.011,-0.02,-0.004,28.1,Not Adjusted
624424,0.003,0.002,0.024,27.8,Not Adjusted
434158,0.003,-0.003,0.022,26.8,Not Adjusted
605137,-0.001,0.009,0,27.1,Not Adjusted
570256,0.014,0.012,0.058,27.8,Not Adjusted
475253,0.012,0.019,0.024,23.8,Not Adjusted
457803,-0.041,-0.026,-0.07,25.5,Not Adjusted
457763,-0.009,0.011,-0.032,24.7,Not Adjusted
656305,0.034,0.025,0.08,28.4,Not Adjusted
592192,-0.001,0.001,0.006,27.6,Not Adjusted
489149,-0.052,-0.045,-0.086,26.4,Not Adjusted
650402,0.015,0.019,0.028,27.1,Not Adjusted
519058,-0.005,-0.003,0.001,25.7,Not Adjusted
430832,-0.01,-0.013,-0.003,25.5,Not Adjusted
614177,0.027,0.027,0.047,26.8,Not Adjusted
572041,0.005,0.006,0.017,28.2,Not Adjusted
545341,0.007,0.006,0.022,28.3,Not Adjusted
521692,-0.029,-0.023,-0.039,25,Not Adjusted
595879,0.034,0.033,0.064,28.9,Not Adjusted
605119,0.001,0.014,-0.005,27.1,Not Adjusted
649557,-0.011,-0.01,-0.002,28,Not Adjusted
518735,0.02,0.024,0.036,24.5,Not Adjusted
452095,-0.017,-0.001,-0.04,25.2,Not Adjusted
450314,0.025,0.034,0.055,26.7,Not Adjusted
607208,0.001,0.004,0.009,30.1,Not Adjusted
452655,0,-0.014,0.037,27.7,Not Adjusted
444432,-0.001,-0.004,0.005,26.2,Not Adjusted
592122,-0.005,0.001,-0.003,27.3,Not Adjusted
594777,-0.047,-0.038,-0.075,26.1,Not Adjusted
435559,0.006,0.002,0.033,25.6,Not Adjusted
608577,-0.005,0.003,-0.006,26.8,Not Adjusted
571431,0.005,0.001,0.016,25.9,Not Adjusted
455104,-0.009,0.001,-0.015,25.3,Not Adjusted
435522,-0.038,-0.026,-0.069,26.6,Not Adjusted
594809,0.03,0.038,0.048,27.5,Not Adjusted
572816,0.013,0.018,0.026,27.9,Not Adjusted
466320,-0.002,-0.009,0.039,26,Not Adjusted
446263,-0.013,0.001,-0.032,24.8,Not Adjusted
518614,0.012,0.013,0.048,26.8,Not Adjusted
476704,0.02,0.022,0.042,26.6,Not Adjusted
460086,-0.022,-0.005,-0.051,25.5,Not Adjusted
459964,-0.028,-0.016,-0.048,26.1,Not Adjusted
516782,0.011,0.019,0.015,28.6,Not Adjusted
134181,0.001,0.012,0.005,24.8,Not Adjusted
425877,-0.003,-0.003,0.006,22.8,Not Adjusted
592567,-0.003,0.014,-0.004,25.2,Not Adjusted
475174,-0.006,0.002,-0.011,23.3,Not Adjusted
405395,-0.026,-0.021,-0.036,22.2,Not Adjusted
541645,-0.021,-0.01,-0.027,28.9,Not Adjusted
467092,0.038,0.051,0.054,22.6,Not Adjusted
571788,0.015,0.017,0.031,26.4,Not Adjusted
571506,0.001,0.007,0.003,23.7,Not Adjusted
592669,0.016,0.011,0.046,27.3,Not Adjusted
641820,-0.014,-0.005,-0.009,27,Not Adjusted
657557,-0.002,0.01,-0.006,28.3,Not Adjusted
518934,0.001,0.004,0.01,27.2,Not Adjusted
571602,0,0.009,0.002,25.7,Not Adjusted
553882,0.028,0.021,0.059,25.2,Not Adjusted
621002,0.034,0.041,0.064,27.7,Not Adjusted
571771,0.022,0.015,0.059,27.7,Not Adjusted
595777,0.021,0.006,0.066,27.6,Not Adjusted
607680,-0.018,-0.027,-0.005,27.9,Not Adjusted
609275,0.022,0.03,0.034,29.9,Not Adjusted
543228,0.007,0.021,0.003,26.9,Not Adjusted
641355,0.026,0.03,0.049,28.9,Not Adjusted
592626,0.035,0.018,0.093,26.2,Not Adjusted
592387,-0.023,-0.022,-0.029,26.1,Not Adjusted
664023,0.01,0.024,0.013,27.7,Not Adjusted
596146,-0.002,-0.003,0.013,27.9,Not Adjusted
594807,-0.041,-0.031,-0.061,28,Not Adjusted
643446,0.051,0.062,0.074,27.8,Not Adjusted
624428,0.026,0.012,0.067,27.2,Not Adjusted
503556,0.001,0.007,0.003,26.4,Not Adjusted
621311,0.041,0.02,0.073,28.5,Not Adjusted
452678,0.016,0.016,0.034,25.4,Not Adjusted
606466,0.014,0.008,0.05,28.7,Not Adjusted
455139,0.017,0.026,0.027,25.3,Not Adjusted
609280,0.046,0.027,0.103,27.9,Not Adjusted
544369,0.035,0.013,0.1,28,Not Adjusted
500871,0.032,0.033,0.07,27.9,Not Adjusted
518792,0.005,0.01,0.014,27.6,Not Adjusted
605412,-0.034,-0.025,-0.044,25.5,Not Adjusted
571437,-0.032,-0.029,-0.044,29,Not Adjusted
666971,0.009,0.018,0.002,28,Not Adjusted
519306,-0.014,-0.011,-0.017,28.2,Not Adjusted
576397,0.021,0.038,0.03,25.1,Not Adjusted
543257,0.022,0.032,0.041,27.8,Not Adjusted
621035,0.024,0.024,0.054,28.7,Not Adjusted
543401,-0.003,-0.001,0.005,26.9,Not Adjusted
516770,0.005,0.024,0.001,27.4,Not Adjusted
400121,-0.029,-0.013,-0.05,23.2,Not Adjusted
457727,-0.015,-0.001,-0.03,28.6,Not Adjusted
592743,0.017,0.024,0.038,27.1,Not Adjusted
592325,0.014,0.021,0.025,28.3,Not Adjusted
596059,0.017,0.021,0.026,28.2,Not Adjusted
474568,-0.012,-0.011,-0.005,27.6,Not Adjusted
594953,0.021,0.017,0.042,26.6,Not Adjusted
593528,-0.012,-0.007,-0.01,28.2,Not Adjusted
519346,0.022,0.016,0.049,27.1,Not Adjusted
431145,-0.003,-0.003,0.004,25.5,Not Adjusted
641598,0.018,0.027,0.024,26.3,Not Adjusted
446308,0.001,0.015,-0.006,24.3,Not Adjusted
430945,0.009,0.017,0.014,26.7,Not Adjusted
622666,0.04,0.037,0.086,26.3,Not Adjusted
592348,0.016,0.016,0.035,29.2,Not Adjusted
460026,-0.002,-0.011,0.013,25.6,Not Adjusted
641343,0.002,-0.007,0.032,27.9,Not Adjusted
581527,-0.022,-0.028,-0.017,27,Not Adjusted
571697,0.058,0.058,0.099,26.4,Not Adjusted
622110,0.019,0.032,0.023,27.8,Not Adjusted
514917,0.016,0.023,0.028,29.2,Not Adjusted
543543,0.008,0.027,0.001,27.8,Not Adjusted
621043,0.009,0.013,0.037,27.8,Not Adjusted
572122,-0.016,-0.024,-0.008,25.8,Not Adjusted
516416,0.024,0.038,0.03,27.9,Not Adjusted
640447,0.012,0.014,0.036,28,Not Adjusted
628338,-0.008,-0.008,-0.004,28.5,Not Adjusted
467827,0.011,0.027,0.005,26.5,Not Adjusted
645277,0.022,0.014,0.053,28.7,Not Adjusted
545358,0.011,0.025,0.003,25.8,Not Adjusted
621563,0.037,0.043,0.071,28.4,Not Adjusted
543333,0.008,0.014,0.024,26.2,Not Adjusted
641531,-0.01,-0.004,-0.014,28.6,Not Adjusted
518618,0.026,0.029,0.041,26.8,Not Adjusted
446334,-0.005,0.001,-0.001,26.9,Not Adjusted
435622,0.015,0.011,0.041,28.1,Not Adjusted
543760,0.008,0.017,0.017,28.3,Not Adjusted
543063,0.007,0.009,0.027,25.7,Not Adjusted
571466,0.008,0.011,0.024,25,Not Adjusted
467055,0.013,0.017,0.036,25,Not Adjusted
435079,-0.001,-0.007,0.014,26.6,Not Adjusted
646240,0.011,0.011,0.034,27.3,Not Adjusted
453943,0.003,0.001,0.014,25.7,Not Adjusted
596748,0.03,0.02,0.066,25.6,Not Adjusted
444489,0.003,0.007,0.013,25,Not Adjusted
500208,-0.014,-0.023,-0.006,24.7,Not Adjusted
471865,0.041,0.032,0.075,27.5,Not Adjusted
594828,0.014,0.007,0.055,26.7,Not Adjusted
608700,0.005,-0.006,0.026,25.9,Not Adjusted
595885,-0.006,0.003,-0.009,25.1,Not Adjusted
606299,0.023,0.023,0.044,28.8,Not Adjusted
502210,0.014,0.006,0.042,27.7,Not Adjusted
660162,0.015,0.026,0.022,28.7,Not Adjusted
605480,0.044,0.049,0.077,29.9,Not Adjusted
664058,0.002,-0.002,0.021,28.1,Not Adjusted
527038,0.021,0.018,0.056,25.7,Not Adjusted
491676,-0.003,0,0,28.5,Not Adjusted
593871,0.042,0.045,0.075,28.4,Not Adjusted
622168,0.032,0.04,0.053,28.2,Not Adjusted
592696,0.048,0.054,0.07,28,Not Adjusted
542255,0.016,0.015,0.043,27.9,Not Adjusted
575929,0.029,0.04,0.039,27.6,Not Adjusted
446359,-0.003,-0.009,0.016,26.7,Not Adjusted
572287,-0.004,-0.002,-0.001,26,Not Adjusted
570799,0.032,0.02,0.061,25.6,Not Adjusted
600869,0.02,0.019,0.044,27.3,Not Adjusted
595751,0.024,0.039,0.02,28.3,Not Adjusted
500743,-0.009,-0.011,-0.004,26.5,Not Adjusted
595375,-0.008,-0.012,0.007,27.8,Not Adjusted
458731,0.016,0.015,0.041,29.2,Not Adjusted
607054,-0.003,-0.005,0.006,28.4,Not Adjusted
493329,0.035,0.034,0.07,27.6,Not Adjusted
656185,-0,0.003,0.004,29,Not Adjusted
622534,-0,-0.001,0.023,29.4,Not Adjusted
542921,0,0.001,0.007,27.2,Not Adjusted
519023,0.014,0.013,0.032,25.6,Not Adjusted
518960,-0.016,-0.007,-0.023,25,Not Adjusted
608597,0.025,0.014,0.06,26.2,Not Adjusted
605113,0.014,-0.002,0.048,28.2,Not Adjusted
547170,0.006,0,0.026,27.2,Not Adjusted
572008,-0.036,-0.021,-0.064,28.3,Not Adjusted
445055,0.016,0.025,0.024,26,Not Adjusted
600524,0.037,0.045,0.065,27.4,Not Adjusted
543939,0.029,0.027,0.067,27.7,Not Adjusted
517369,-0.002,0.002,0.009,28.6,Not Adjusted
643396,0.017,0.009,0.046,28.1,Not Adjusted
642708,0.007,0.007,0.021,29.5,Not Adjusted
570560,0.014,0.012,0.035,28.1,Not Adjusted
543510,-0.027,-0.009,-0.045,25.8,Not Adjusted
664056,0.044,0.046,0.074,30.1,Not Adjusted
542340,0.03,0.043,0.04,27.7,Not Adjusted
462101,0.014,0.02,0.023,27,Not Adjusted
460576,0.003,0.003,0.007,28,Not Adjusted
543484,-0.006,-0.011,0.011,28.7,Not Adjusted
643393,0.045,0.044,0.092,27.5,Not Adjusted
519222,0.026,0.017,0.053,26.4,Not Adjusted
541650,0.012,0.017,0.02,28,Not Adjusted
621020,0.013,0.008,0.033,29.5,Not Adjusted
594011,-0.014,-0.008,-0.014,28.5,Not Adjusted
642715,0.049,0.069,0.067,28.5,Not Adjusted
572821,0.025,0.018,0.063,26.8,Not Adjusted
592444,-0.005,-0.014,0.022,29.1,Not Adjusted
621446,-0.032,-0.02,-0.037,29.4,Not Adjusted
546318,0.037,0.031,0.072,26.6,Not Adjusted
608365,0.012,0.02,0.019,27.6,Not Adjusted
594694,0.002,-0.004,0.027,28.6,Not Adjusted
543877,-0.038,-0.037,-0.053,25.3,Not Adjusted
544725,0.02,0.021,0.033,28.6,Not Adjusted
456488,0.017,0.012,0.044,27.5,Not Adjusted
543308,0.036,0.045,0.048,26.5,Not Adjusted
605486,0.015,0.024,0.023,29,Not Adjusted
501303,0.02,0.021,0.032,26.9,Not Adjusted
451594,-0.014,-0.021,0,27.4,Not Adjusted
641313,0.021,0.017,0.048,28.8,Not Adjusted
578428,0.032,0.028,0.063,28,Not Adjusted
588751,-0.004,0.004,0.005,27,Not Adjusted
523253,0.003,0.017,-0.007,27.4,Not Adjusted
444876,-0.009,-0.003,-0.009,27.6,Not Adjusted
448801,-0.031,-0.018,-0.055,25.5,Not Adjusted
546991,0.036,0.045,0.064,27.9,Not Adjusted
408314,-0.014,-0.031,0.015,27.5,Not Adjusted
543281,0.018,0.03,0.02,27.1,Not Adjusted
520471,0.028,0.037,0.049,26.8,Not Adjusted
570731,0.026,0.01,0.066,27.5,Not Adjusted
664068,-0.001,0.008,-0.002,29.4,Not Adjusted
595281,0.018,0.008,0.062,29,Not Adjusted
593934,0.031,0.033,0.053,26.8,Not Adjusted
518586,0.073,0.056,0.135,28.4,Not Adjusted
608671,0.041,0.038,0.077,29,Not Adjusted
595978,0.04,0.027,0.084,25.9,Not Adjusted
572191,0.019,0.024,0.032,29,Not Adjusted
452254,-0.004,0.005,-0.001,28.2,Not Adjusted
543829,0.021,0.018,0.042,29,Not Adjusted
455117,0.019,0.023,0.035,24,Not Adjusted
472528,-0.001,0.014,-0.013,24,Not Adjusted
543376,0,-0.002,0.012,26.4,Not Adjusted
571740,0.029,0.022,0.07,30.1,Not Adjusted
592261,0.023,0.033,0.039,30,Not Adjusted
457706,0.032,0.043,0.04,27.5,Not Adjusted
593700,0.059,0.044,0.118,28.5,Not Adjusted
641553,0.033,0.036,0.052,30.2,Not Adjusted
606115,0.024,0.032,0.037,26.7,Not Adjusted
506702,-0.002,-0.003,0.002,23.9,Not Adjusted
545361,-0.015,-0.011,-0.016,29.3,Not Adjusted
592885,0.018,0.019,0.048,28.7,Not Adjusted
641355,-0.01,-0.009,0.003,28.8,Not Adjusted
435062,-0.018,0.013,-0.041,25.3,Not Adjusted
443558,0.004,0.023,0.004,25.3,Not Adjusted
543685,0.001,0.011,0.01,26.7,Not Adjusted
605141,-0.028,-0.011,-0.046,27.9,Not Adjusted
665742,-0.013,0,-0.024,27.3,Not Adjusted
518692,-0.005,0.006,-0.013,26.5,Not Adjusted
660670,-0.025,-0.001,-0.058,29.4,Not Adjusted
502110,-0.004,0.009,0,26.7,Not Adjusted
543807,0.01,0.017,0.027,28.5,Not Adjusted
624585,-0.013,-0.007,-0.018,27,Not Adjusted
519203,0.007,0.001,0.038,25.2,Not Adjusted
547180,-0.018,-0.01,-0.032,28.3,Not Adjusted
518626,-0.006,-0.001,-0.007,25.7,Not Adjusted
621566,-0.014,-0.006,-0.023,26.2,Not Adjusted
605204,-0.008,0,-0.011,26.2,Not Adjusted
605137,-0.001,-0.001,0.02,26.8,Not Adjusted
571970,-0.007,-0.009,0.007,27.7,Not Adjusted
606466,0.032,0.031,0.068,27.9,Not Adjusted
640457,0.007,0.011,0.013,28.2,Not Adjusted
624413,0.011,0.008,0.04,26.5,Not Adjusted
656941,-0.015,-0.01,-0.018,27.1,Not Adjusted
457759,-0.001,0.008,0,26.1,Not Adjusted
624424,-0.013,-0.005,-0.012,27.5,Not Adjusted
608324,0.049,0.036,0.146,27.4,Not Adjusted
542303,-0.032,-0.035,-0.041,27.5,Not Adjusted
518934,0.009,0.023,0.012,26.7,Not Adjusted
467793,0.014,0.018,0.039,25.7,Not Adjusted
596142,-0.02,-0.013,-0.032,25.5,Not Adjusted
475253,-0.043,-0.038,-0.081,23.4,Not Adjusted
453568,0.023,0.019,0.046,26.7,Not Adjusted
596847,-0.016,0.003,-0.031,25.4,Not Adjusted
572233,-0.017,-0.002,-0.039,27.2,Not Adjusted
518735,-0.002,0.009,0,24.2,Not Adjusted
429665,-0.001,0.002,0.015,24.8,Not Adjusted
543068,-0.037,-0.017,-0.074,26.1,Not Adjusted
592206,-0.003,0.014,-0.01,27.9,Not Adjusted
572228,-0,0.019,-0.023,25.7,Not Adjusted
614177,-0.022,-0.011,-0.025,26.6,Not Adjusted
646240,0.018,0.021,0.039,27,Not Adjusted
641820,0.014,0.017,0.035,26.7,Not Adjusted
592192,0.028,0.032,0.059,27.6,Not Adjusted
425783,-0.005,0.005,-0.014,26.6,Not Adjusted
502054,-0.006,0.002,-0.006,28.7,Not Adjusted
502671,-0.01,0.008,-0.026,26.6,Not Adjusted
660162,0.025,0.038,0.035,27.7,Not Adjusted
600303,-0.009,0.002,0.007,25.7,Not Adjusted
547989,-0.01,0.008,-0.009,26.6,Not Adjusted
650490,-0.013,-0.009,-0.007,26.5,Not Adjusted
668804,0.018,0.027,0.037,28.1,Not Adjusted
543760,0.02,0.024,0.042,28.1,Not Adjusted
656305,0.002,0.005,0.013,28.1,Not Adjusted
516782,0.003,0.01,0.013,29,Not Adjusted
446334,-0.028,-0.014,-0.052,26.4,Not Adjusted
621020,-0.033,-0.019,-0.054,28.7,Not Adjusted
593428,0.041,0.043,0.087,28.1,Not Adjusted
455976,-0.017,-0.012,-0.008,26,Not Adjusted
553993,0.032,0.03,0.081,25.9,Not Adjusted
488726,0.019,0.026,0.043,26.4,Not Adjusted
643446,0.037,0.038,0.07,27.2,Not Adjusted
660271,0.004,0.009,0.02,28.3,Not Adjusted
519058,0.001,-0.003,0.018,25.6,Not Adjusted
572122,-0.015,-0.016,-0.013,26.4,Not Adjusted
645277,0.008,0.013,0.019,28.6,Not Adjusted
592178,0.033,0.038,0.064,28.2,Not Adjusted
500874,-0.023,-0.002,-0.056,26.1,Not Adjusted
650391,-0.003,0.005,0,27.8,Not Adjusted
474832,-0.027,-0.006,-0.051,24.7,Not Adjusted
592518,-0.01,-0.007,-0.004,26.4,Not Adjusted
542454,0.008,0.008,0.032,27.8,Not Adjusted
596129,-0.01,-0.015,0.002,23.9,Not Adjusted
643265,-0.005,0.014,-0.018,27.2,Not Adjusted
575929,0.026,0.03,0.057,27.8,Not Adjusted
592626,0.02,0.005,0.066,26.2,Not Adjusted
571448,0.051,0.046,0.104,25.9,Not Adjusted
541645,-0.007,0.013,-0.026,28.9,Not Adjusted
458015,-0.009,0.008,-0.025,25,Not Adjusted
570482,0.029,0.036,0.047,26.3,Not Adjusted
573262,0.013,0.022,0.017,27.5,Not Adjusted
592663,0,0.005,0.028,28.7,Not Adjusted
435522,-0.02,-0.004,-0.032,25.5,Not Adjusted
608070,-0.005,-0.008,0.023,27.9,Not Adjusted
596146,0.016,-0.003,0.067,27.7,Not Adjusted
657656,0.018,0.023,0.043,28.5,Not Adjusted
656555,0.008,0.012,0.039,25.9,Not Adjusted
621311,0.027,0.037,0.039,28.2,Not Adjusted
607208,0.019,0.022,0.045,30.4,Not Adjusted
596115,0.043,0.034,0.089,29.3,Not Adjusted
641531,0.023,0.021,0.056,28.3,Not Adjusted
643217,-0.007,0.006,-0.021,27.1,Not Adjusted
605119,0.005,0.011,0.017,27,Not Adjusted
608385,0.015,0.005,0.052,25.6,Not Adjusted
435622,-0.008,-0.012,0,27.5,Not Adjusted
570267,-0.011,0.01,-0.025,26.8,Not Adjusted
451594,-0.01,-0.008,-0.007,27.7,Not Adjusted
593871,0.017,0.03,0.031,28.2,Not Adjusted
650402,0.024,0.025,0.055,26.5,Not Adjusted
518595,-0.02,-0.009,-0.019,26.8,Not Adjusted
514888,0.041,0.041,0.084,28.6,Not Adjusted
657077,0.008,0.01,0.024,27.4,Not Adjusted
460075,0.018,0.025,0.044,26.6,Not Adjusted
594777,-0.004,-0.004,0.008,25.9,Not Adjusted
650333,0.028,0.051,0.037,26.9,Not Adjusted
608577,-0.005,0.008,-0.005,26.5,Not Adjusted
600524,-0.009,-0.007,-0.009,27.1,Not Adjusted
456715,-0.027,-0.02,-0.033,27.9,Not Adjusted
572821,0,0.005,0.006,26.9,Not Adjusted
596019,0.021,0.016,0.061,27.5,Not Adjusted
429664,-0.02,-0.021,-0.017,24.6,Not Adjusted
642133,-0.02,-0.018,-0.016,24.8,Not Adjusted
669242,0.03,0.024,0.063,29.4,Not Adjusted
595879,0.02,0.025,0.036,28.7,Not Adjusted
608369,0.013,0.02,0.031,26.9,Not Adjusted
408234,-0.008,0.017,-0.03,23.5,Not Adjusted
665489,0.003,0.018,0,26.3,Not Adjusted
460086,-0.007,0.015,-0.021,25.3,Not Adjusted
500871,0.017,0.017,0.05,27.6,Not Adjusted
543257,-0.025,-0.02,-0.029,27.5,Not Adjusted
657557,-0.002,0.002,0.007,27.7,Not Adjusted
553882,0.022,0.026,0.043,24.2,Not Adjusted
543510,0.01,0.017,0.014,26.2,Not Adjusted
641857,0.007,0.009,0.022,26.4,Not Adjusted
592696,0.007,0.021,0.013,27.1,Not Adjusted
594809,0.021,0.031,0.034,28.3,Not Adjusted
595751,-0.009,0.014,-0.032,28.9,Not Adjusted
641432,0.031,0.017,0.089,26.4,Not Adjusted
503556,-0.007,0.005,-0.018,25.7,Not Adjusted
605113,-0.005,-0.001,0.012,28.2,Not Adjusted
595777,-0.019,-0.025,-0.009,26.7,Not Adjusted
641313,0.044,0.054,0.059,28.7,Not Adjusted
519346,0.035,0.03,0.084,26.7,Not Adjusted
621514,-0.025,-0.012,-0.045,26.8,Not Adjusted
642715,-0.005,0.007,-0.015,28.3,Not Adjusted
518792,0.01,0.002,0.041,27.4,Not Adjusted
593160,0.023,0.028,0.04,28.6,Not Adjusted
624577,0.013,0.021,0.022,28.2,Not Adjusted
572761,-0.002,0.013,-0.005,26,Not Adjusted
452678,0.015,0.024,0.036,25.4,Not Adjusted
547379,0.01,0.021,0.014,24.3,Not Adjusted
623993,0.006,0.005,0.02,27.5,Not Adjusted
430945,-0.007,0.005,-0.015,26.9,Not Adjusted
596059,-0.013,-0.011,-0.016,27.9,Not Adjusted
467092,0.013,0.028,0.02,22.8,Not Adjusted
664068,0.015,0.014,0.042,29.1,Not Adjusted
571976,0.002,0.013,-0.006,28.4,Not Adjusted
493329,0.051,0.025,0.137,27.6,Not Adjusted
642708,0.005,0.008,0.021,29.2,Not Adjusted
425877,-0.01,0.008,-0.023,22.5,Not Adjusted
572039,-0.007,0.007,-0.01,25.9,Not Adjusted
405395,-0.005,-0.001,0.01,22.5,Not Adjusted
664058,0.006,0.007,0.023,27.6,Not Adjusted
624428,0.008,0.01,0.023,27.2,Not Adjusted
516770,-0.005,0.004,0.003,26.9,Not Adjusted
543401,-0.011,-0.007,-0.003,26.8,Not Adjusted
598265,0.002,0.003,0.013,27.6,Not Adjusted
501981,-0.023,-0.007,-0.041,25.7,Not Adjusted
592669,0.008,-0.003,0.034,27.1,Not Adjusted
606192,0.014,0.017,0.027,29.2,Not Adjusted
643376,-0.036,-0.035,-0.054,27.4,Not Adjusted
592567,0.005,0.021,-0.001,25.4,Not Adjusted
542340,0.025,0.033,0.048,28,Not Adjusted
570731,0.014,0.009,0.039,27.4,Not Adjusted
453943,0.018,0.019,0.039,25.2,Not Adjusted
502210,-0.002,0.009,0.023,26.7,Not Adjusted
457763,-0.01,0.011,-0.038,24.1,Not Adjusted
519299,0.035,0.025,0.084,26.3,Not Adjusted
543877,0.025,0.032,0.045,25.7,Not Adjusted
592273,-0.035,-0.027,-0.041,26.8,Not Adjusted
543333,0.004,0.014,0.012,25.7,Not Adjusted
516416,0.011,0.018,0.027,27.6,Not Adjusted
462101,-0.003,0.011,0.005,26.6,Not Adjusted
543063,-0.022,-0.007,-0.041,25.7,Not Adjusted
623912,0.006,0.013,0.014,29,Not Adjusted
640458,0.019,0.017,0.052,29.6,Not Adjusted
605412,-0.018,-0.004,-0.033,25.4,Not Adjusted
571771,-0.001,0.001,0.016,27.4,Not Adjusted
500743,0.004,0.016,0.012,26.3,Not Adjusted
444482,0.037,0.031,0.084,26.9,Not Adjusted
592348,0.014,0.015,0.038,29,Not Adjusted
650859,-0.003,0.009,0.005,28.1,Not Adjusted
641525,0.004,0.019,0.006,28.6,Not Adjusted
545341,0.008,0,0.036,28.1,Not Adjusted
514917,0.017,0.02,0.04,28.7,Not Adjusted
669222,0.013,0.024,0.034,29.5,Not Adjusted
621028,0.042,0.042,0.081,28.5,Not Adjusted
571718,0.035,0.037,0.074,28,Not Adjusted
607680,0.002,0.001,0.025,28,Not Adjusted
596748,-0.014,-0.008,-0.007,25.3,Not Adjusted
621035,0.037,0.034,0.087,28.7,Not Adjusted
466320,0.008,0.006,0.025,25.9,Not Adjusted
593643,0.026,0.034,0.041,26.9,Not Adjusted
595281,-0.008,-0.011,0.006,29.5,Not Adjusted
547004,0.003,0.004,0.023,25.9,Not Adjusted
641487,0.005,-0.004,0.04,27.4,Not Adjusted
641343,0.005,0.008,0.023,27.7,Not Adjusted
543939,0.044,0.05,0.08,27.6,Not Adjusted
502517,0.036,0.031,0.085,25.7,Not Adjusted
458731,0.054,0.025,0.146,28.9,Not Adjusted
645302,0.028,0.028,0.056,29.3,Not Adjusted
606132,0.021,0.023,0.041,28.6,Not Adjusted
596105,0.013,0.009,0.048,26.1,Not Adjusted
547172,0.005,0.016,0.011,26.1,Not Adjusted
606299,-0.012,-0.015,0,28.1,Not Adjusted
572033,0.008,-0.003,0.045,25.8,Not Adjusted
544369,0.018,0.008,0.06,27.7,Not Adjusted
546991,-0.008,-0.011,0.002,28.4,Not Adjusted
609275,0.02,0.035,0.049,30,Not Adjusted
553869,-0.013,0.002,-0.019,26.1,Not Adjusted
520471,0.031,0.028,0.06,25.8,Not Adjusted
605612,0.018,0.038,0.019,27.2,Not Adjusted
578428,0.033,0.035,0.062,27.1,Not Adjusted
622534,0.023,0.017,0.062,29.1,Not Adjusted
502481,0.01,0.012,0.029,28.4,Not Adjusted
606115,-0.002,0.008,0.007,26.3,Not Adjusted
570560,0.012,0.026,0.012,27.7,Not Adjusted
544725,0.027,0.041,0.032,28.5,Not Adjusted
592261,0.029,0.039,0.04,29.5,Not Adjusted
592743,0.025,0.03,0.047,26.3,Not Adjusted
543829,0.032,0.038,0.065,28.5,Not Adjusted
605480,0.028,0.033,0.059,29.5,Not Adjusted
670032,0.026,0.027,0.055,28.5,Not Adjusted
665742,0.004,0.019,-0.001,26.2,Adjusted
518692,-0.005,0.003,-0.017,26.4,Adjusted
547180,-0.053,-0.04,-0.116,27.9,Adjusted
542303,0.009,0.025,0.001,27.1,Adjusted
608369,-0.033,-0.019,-0.062,27,Adjusted
474832,0.005,0.022,-0.006,25.3,Adjusted
545361,-0.014,-0.006,0,28.9,Adjusted
660670,-0.008,-0.007,-0.018,29.2,Adjusted
665487,-0.027,-0.02,-0.043,29.4,Adjusted
596103,-0.021,-0.021,-0.034,27.8,Adjusted
519317,-0.036,-0.05,-0.044,25.7,Adjusted
669257,0.004,-0.004,0.04,27.8,Adjusted
521692,0.009,0.014,0.015,25.1,Adjusted
543807,-0.024,-0.026,-0.023,28.2,Adjusted
547989,0.013,0.018,0.03,26.8,Adjusted
457759,-0.022,0.011,-0.088,25.4,Adjusted
606192,-0.016,-0.005,-0.032,28.3,Adjusted
502671,-0.011,0.019,-0.044,26.4,Adjusted
630105,-0.04,-0.036,-0.061,28.7,Adjusted
608385,0.002,-0.008,0.023,26.4,Adjusted
571976,0.008,0.006,0.022,28.3,Adjusted
642086,0.023,0.015,0.053,25.9,Adjusted
572228,0.005,-0.002,0.026,24.9,Adjusted
543685,0.008,0,0.03,26.4,Adjusted
545358,-0.015,0.011,-0.028,26.5,Adjusted
578428,0.023,0.017,0.058,27.1,Adjusted
592518,0.007,0.001,0.038,26.4,Adjusted
643265,-0.018,-0.02,-0.018,25.9,Adjusted
518595,0.01,0.023,0,26.3,Adjusted
664040,0.003,0.008,0.004,27.4,Adjusted
518792,-0.013,-0.022,0.005,27,Adjusted
607208,0.034,0.036,0.079,30.1,Adjusted
656555,0.004,0.01,-0.001,25.7,Adjusted
443558,0.034,0.037,0.055,25.2,Adjusted
570482,-0.012,-0.013,0.002,25,Adjusted
543543,-0.028,-0.02,-0.03,27.3,Adjusted
624424,0.026,0.037,0.033,26.8,Adjusted
408234,-0.052,-0.036,-0.098,23.1,Adjusted
592885,-0.032,-0.043,-0.039,28.1,Adjusted
592450,-0.003,-0.003,0.019,26.7,Adjusted
594777,-0.011,-0.033,0.017,25.9,Adjusted
543305,-0.021,-0.029,-0.018,27.5,Adjusted
608070,0.044,0.029,0.102,27.2,Adjusted
592206,-0.042,-0.048,-0.056,27.7,Adjusted
621035,-0.006,-0.001,-0.013,28.4,Adjusted
641355,-0.032,-0.041,-0.032,28.6,Adjusted
458015,-0.022,-0.027,-0.032,25.2,Adjusted
650391,0.005,0.014,0.015,27.2,Adjusted
467793,-0.052,-0.051,-0.095,25.5,Adjusted
573262,0.04,0.043,0.076,27.5,Adjusted
543333,-0.007,-0.001,-0.005,25.6,Adjusted
663757,-0.018,-0.014,-0.026,29.1,Adjusted
650489,0.028,0.042,0.038,28.2,Adjusted
572122,-0.026,-0.011,-0.039,25.4,Adjusted
663647,0.101,0.082,0.196,28,Adjusted
640449,0.025,0.021,0.064,27.5,Adjusted
571970,-0.047,-0.041,-0.088,27.3,Adjusted
446334,-0.054,-0.026,-0.097,26.6,Adjusted
518934,0.068,0.056,0.137,26.1,Adjusted
543281,-0.026,-0.026,-0.037,26.8,Adjusted
543592,-0.008,-0.007,0.005,26.3,Adjusted
605141,0.031,0.011,0.081,28.3,Adjusted
623993,0.006,-0.026,0.059,26.8,Adjusted
664023,0.011,0,0.041,27.1,Adjusted
664761,0.024,0.053,0.014,27.3,Adjusted
641313,0.019,0.031,0.023,28.7,Adjusted
650333,-0.022,0.011,-0.051,26.5,Adjusted
576397,-0.006,-0.001,-0.001,23.9,Adjusted
605204,-0.018,-0.009,-0.039,27.2,Adjusted
664034,0.006,0.018,-0.016,25.2,Adjusted
666182,-0.003,0.009,-0.02,27.7,Adjusted
642133,0.013,0.01,0.048,25.3,Adjusted
607043,0.032,0.033,0.065,28,Adjusted
592663,0.006,0.02,-0.007,28.2,Adjusted
457705,-0.028,-0.02,-0.046,27.4,Adjusted
592192,-0.004,0.008,-0.003,27.6,Adjusted
543105,0.041,0.032,0.085,27,Adjusted
600869,0.02,0.021,0.034,26.9,Adjusted
664238,0.015,0.006,0.035,27.7,Adjusted
624585,-0.025,-0.015,-0.044,26.5,Adjusted
429664,0.024,0.019,0.063,24.8,Adjusted
621020,-0.004,0.008,-0.008,28.5,Adjusted
575929,-0.016,-0.006,-0.034,27.3,Adjusted
519203,-0.026,-0.043,0.003,24.8,Adjusted
488771,-0.058,-0.049,-0.11,26.6,Adjusted
643376,-0.052,-0.061,-0.078,27.2,Adjusted
502054,-0.066,-0.048,-0.136,28.2,Adjusted
573131,0.03,0.026,0.064,25.7,Adjusted
665120,0.045,0.025,0.103,26.5,Adjusted
666915,0.052,0.066,0.071,26.8,Adjusted
592567,-0.008,-0.006,-0.008,24.2,Adjusted
669221,0.01,0.016,0.017,25.6,Adjusted
600303,0.009,0.008,0.029,25.4,Adjusted
572041,0.018,0.005,0.067,28.2,Adjusted
666971,0.027,0.028,0.05,26.3,Adjusted
542583,0.002,0.006,0.004,24.5,Adjusted
596019,-0.021,-0.02,-0.024,27.4,Adjusted
518626,0.018,0.012,0.056,24.9,Adjusted
641786,0.006,0.024,0.006,27.9,Adjusted
656305,-0.008,-0.009,0,27.5,Adjusted
543510,0.036,0.033,0.081,26.1,Adjusted
614177,0.001,0.03,0.011,26.2,Adjusted
594807,0.008,0.01,0.018,28,Adjusted
425783,-0.028,-0.018,-0.055,25.9,Adjusted
657656,-0.025,-0.022,-0.042,27.9,Adjusted
593428,0.029,0.043,0.031,27.7,Adjusted
460075,-0.022,-0.039,0.014,26.1,Adjusted
596146,-0.01,-0.028,0.017,28.1,Adjusted
553993,-0.006,-0.011,0.003,25.9,Adjusted
593160,-0.007,-0.01,0.001,28.4,Adjusted
572233,0.003,0.007,0.007,26.9,Adjusted
606115,-0.019,-0.019,-0.009,26.2,Adjusted
621566,-0.02,-0.026,-0.023,25.9,Adjusted
621466,0.017,0.001,0.063,26.4,Adjusted
643446,0.025,0.035,0.049,27.1,Adjusted
543228,-0.003,0.004,0.01,26,Adjusted
519048,0.037,0.029,0.075,24.2,Adjusted
600474,-0.023,-0.017,-0.039,26.7,Adjusted
592626,-0.04,-0.046,-0.053,26.5,Adjusted
656941,-0.028,-0.032,-0.041,26.9,Adjusted
595777,0.001,-0.001,0.022,27,Adjusted
596115,0.037,0.037,0.064,28.9,Adjusted
608324,0.012,-0.01,0.06,27,Adjusted
663586,-0.026,-0.019,-0.048,26.8,Adjusted
435062,-0.034,-0.007,-0.065,24.8,Adjusted
621439,0.013,0.007,0.033,30,Adjusted
519058,0.008,-0.01,0.038,24.9,Adjusted
596129,-0.015,-0.018,-0.017,24.1,Adjusted
572761,-0.039,-0.028,-0.09,25.6,Adjusted
663656,0.018,0.003,0.058,27.6,Adjusted
665489,0.007,0.002,0.025,25.3,Adjusted
650402,-0.005,0,-0.013,26.4,Adjusted
660271,-0.041,-0.044,-0.057,28.8,Adjusted
500743,0.049,0.029,0.115,26.5,Adjusted
514917,0.004,0.01,0.012,28.5,Adjusted
545341,0.004,0.007,0.018,27.7,Adjusted
592325,-0.017,-0.03,-0.003,26.7,Adjusted
643393,-0.021,-0.009,-0.048,26.6,Adjusted
624413,0.014,0.009,0.031,26.2,Adjusted
641531,-0.002,-0.005,0.009,28,Adjusted
457708,-0.021,-0.024,-0.008,26.9,Adjusted
623520,-0.019,-0.033,-0.011,27.6,Adjusted
663624,0.05,0.067,0.062,28,Adjusted
453568,0.013,0.027,0.019,26.8,Adjusted
622682,-0.02,-0.009,-0.037,27.9,Adjusted
518735,0.011,0.023,0.019,23.5,Adjusted
458731,0.005,-0.003,0.022,28.2,Adjusted
571875,-0.046,-0.044,-0.075,26.7,Adjusted
646240,0.011,0.008,0.025,26.5,Adjusted
664056,0.011,0.027,0.021,29.5,Adjusted
642082,0.009,0.02,0.002,24.2,Adjusted
488726,0.037,0.04,0.063,26.2,Adjusted
642162,0.012,0.014,0.017,27.2,Adjusted
543257,0.026,0.002,0.085,27.5,Adjusted
673357,-0.012,0.01,-0.026,29.1,Adjusted
595281,-0.024,-0.032,-0.015,29.3,Adjusted
660294,-0.016,-0.014,-0.026,25.8,Adjusted
572191,-0.037,-0.033,-0.056,28.2,Adjusted
650490,0.044,0.064,0.066,26,Adjusted
607680,0.018,0.02,0.033,27.8,Adjusted
542932,0.014,0.017,0.034,29.2,Adjusted
605119,0.025,0.028,0.038,26.4,Adjusted
543768,-0.013,-0.002,-0.025,25,Adjusted
571980,-0.055,-0.046,-0.086,26.9,Adjusted
593934,-0.006,-0.01,-0.002,26.5,Adjusted
456781,0.036,0.046,0.045,26.6,Adjusted
516782,0.012,0.019,0.013,28.5,Adjusted
592444,0.037,0.028,0.09,27,Adjusted
461314,0.001,0.013,-0.011,25.9,Adjusted
457803,-0.024,-0.039,-0.003,25.1,Adjusted
605412,-0.024,-0.019,-0.045,26.4,Adjusted
501981,-0.036,-0.021,-0.078,25.5,Adjusted
643289,-0.002,0.018,-0.013,27.9,Adjusted
669256,-0.021,0.004,-0.044,28.6,Adjusted
516416,0.015,0.016,0.031,28.3,Adjusted
455117,0.008,0.011,0.018,23.6,Adjusted
541645,-0.021,-0.006,-0.049,28,Adjusted
656811,-0.048,-0.035,-0.083,26.3,Adjusted
664058,0.034,0.027,0.074,27.3,Adjusted
592696,0.017,0.013,0.041,26.8,Adjusted
452678,0.003,0,0.02,24.8,Adjusted
467092,-0.019,-0.008,-0.032,23.3,Adjusted
502110,-0.026,-0.016,-0.055,25.9,Adjusted
641487,-0.012,0.001,-0.019,26.6,Adjusted
657557,-0.019,0.012,-0.057,26.5,Adjusted
493329,-0.034,-0.03,-0.02,27.3,Adjusted
669374,-0.011,0.003,-0.023,27.1,Adjusted
571466,-0.019,-0.022,-0.02,24.3,Adjusted
670712,0.08,0.079,0.143,27.7,Adjusted
600524,0.033,0.029,0.061,26.6,Adjusted
624415,0.04,0.036,0.089,27.7,Adjusted
503556,-0.045,-0.029,-0.081,25.5,Adjusted
666185,-0.05,-0.046,-0.077,27.9,Adjusted
669242,-0.011,-0.015,0.002,28.9,Adjusted
673451,-0.011,0.002,-0.027,27.7,Adjusted
608336,-0.016,-0.01,-0.038,27.1,Adjusted
527038,0.035,0.019,0.081,25.1,Adjusted
621043,-0.004,0.011,-0.016,27.2,Adjusted
668804,-0.036,-0.039,-0.046,28.2,Adjusted
596142,-0.04,-0.044,-0.062,25,Adjusted
663611,0.022,0.041,0.018,28,Adjusted
435559,0.016,0.024,0.045,24.1,Adjusted
592530,-0.023,-0.021,-0.03,25.4,Adjusted
642180,-0.039,-0.072,-0.019,28.2,Adjusted
544369,0.039,0.022,0.094,27.1,Adjusted
621493,0.005,0.027,-0.013,28.4,Adjusted
622534,-0.007,0.011,-0.026,28.4,Adjusted
455976,-0.001,-0.02,0.031,26.4,Adjusted
459964,0.002,0.027,-0.003,25.6,Adjusted
592200,0.064,0.039,0.159,24.1,Adjusted
572816,-0.001,0.005,0.002,27,Adjusted
543063,0.027,0.022,0.069,25.7,Adjusted
624428,-0.016,-0.02,-0.012,27.1,Adjusted
598265,0.047,0.056,0.077,27.3,Adjusted
596748,0.024,0.024,0.063,24.6,Adjusted
642715,0.042,0.031,0.089,28.2,Adjusted
647304,-0.033,-0.028,-0.053,26.9,Adjusted
665750,0.002,-0.005,0.02,29.1,Adjusted
500871,-0.048,-0.049,-0.059,28,Adjusted
519346,-0.029,-0.016,-0.062,25.9,Adjusted
593871,-0.015,-0.005,-0.027,27.8,Adjusted
605421,-0.086,-0.064,-0.166,24.8,Adjusted
656514,0.003,0.011,0.002,26.8,Adjusted
605113,0.016,0.022,0.028,28.1,Adjusted
665926,0.019,0.018,0.04,28.9,Adjusted
502210,0.001,0,0.02,26.2,Adjusted
606466,0.015,0.026,0.034,27.7,Adjusted
570256,-0.071,-0.07,-0.093,27.4,Adjusted
621563,0.035,0.033,0.065,28.2,Adjusted
460086,-0.025,-0.021,-0.045,25,Adjusted
656669,-0.007,-0.007,-0.003,27.4,Adjusted
645277,0.03,0.031,0.049,28.1,Adjusted
594809,-0.012,-0.02,-0.003,27.9,Adjusted
520471,0.013,0.001,0.046,25.9,Adjusted
657077,0.064,0.07,0.109,27.5,Adjusted
425877,-0.008,0.008,-0.026,23.1,Adjusted
571718,0.007,0.003,0.036,28.1,Adjusted
643565,-0.011,-0.009,-0.016,27.1,Adjusted
605137,-0.011,-0.002,-0.017,26.2,Adjusted
671277,-0.005,0.009,-0.011,26.7,Adjusted
592669,-0.019,-0.035,-0.002,27.3,Adjusted
444482,0.038,0.042,0.062,27,Adjusted
594838,0.018,0.012,0.043,28.7,Adjusted
457727,0.007,0.009,0.015,27.6,Adjusted
641658,-0.005,0.005,-0.005,29.6,Adjusted
462101,-0.04,-0.04,-0.059,26.3,Adjusted
570731,0.044,0.036,0.089,27.2,Adjusted
547172,-0.045,-0.035,-0.076,26,Adjusted
663538,-0.031,-0.019,-0.053,28.8,Adjusted
641553,0.054,0.042,0.101,30.3,Adjusted
643396,0.014,0.02,0.03,28.1,Adjusted
572039,-0.02,-0.011,-0.04,26.5,Adjusted
405395,-0.011,-0.019,0.001,22,Adjusted
641857,0.015,0.012,0.025,25.9,Adjusted
451594,0.018,0.019,0.038,26.6,Adjusted
570481,-0.03,-0.009,-0.035,27.3,Adjusted
621446,-0.017,-0.021,-0.022,28.6,Adjusted
664068,-0.065,-0.055,-0.107,28.6,Adjusted
543939,0.014,0.024,0.015,26.7,Adjusted
606132,0.045,0.07,0.071,28.2,Adjusted
608577,-0.023,0.006,-0.07,25.8,Adjusted
657108,-0.029,-0.014,-0.041,28.2,Adjusted
669720,0.026,0.036,0.041,27.9,Adjusted
571771,0.001,0.006,0.027,27.2,Adjusted
453943,0.012,0.015,0.019,24.2,Adjusted
660162,0.021,0.019,0.051,27.5,Adjusted
467055,-0.036,-0.019,-0.081,24,Adjusted
656308,-0.016,-0.011,-0.011,28.1,Adjusted
519299,-0.034,-0.045,-0.031,25.7,Adjusted
662139,-0.001,-0.008,0.019,28.3,Adjusted
500874,-0.04,-0.036,-0.061,26.6,Adjusted
606299,-0.017,-0.013,-0.015,28.2,Adjusted
670032,-0.033,-0.037,-0.042,27.8,Adjusted
571448,0.022,0.018,0.042,24.8,Adjusted
658668,-0.011,-0.02,0.009,28.9,Adjusted
514888,-0.008,-0.01,-0.003,28.4,Adjusted
641933,-0.015,-0.021,-0.016,29.6,Adjusted
543877,0.062,0.062,0.101,25,Adjusted
605170,0.013,0.025,0.01,24.6,Adjusted
621028,-0.033,-0.023,-0.052,27.6,Adjusted
543401,0.044,0.057,0.072,27.5,Adjusted
595751,-0.011,0.006,-0.035,28,Adjusted
592178,0.003,0.004,0.003,27.6,Adjusted
647351,-0.048,-0.072,-0.058,27.2,Adjusted
543760,0.018,0.02,0.03,28.1,Adjusted
607732,0.031,0.041,0.052,23.5,Adjusted
596059,-0.019,-0.025,-0.004,27,Adjusted
429665,-0.007,-0.004,0.011,25.4,Adjusted
621005,0.003,0.003,0.017,28.4,Adjusted
547004,0.027,0.011,0.073,25.2,Adjusted
501303,-0.019,-0.011,-0.038,26.2,Adjusted
605131,0.032,0.051,0.035,26.5,Adjusted
595879,-0.018,-0.012,-0.02,27.9,Adjusted
666198,0.002,0.022,-0.008,26.7,Adjusted
621514,-0.045,-0.041,-0.065,26.3,Adjusted
596847,0.044,0.04,0.112,24.3,Adjusted
502517,-0.014,-0.002,-0.012,26.5,Adjusted
595909,0.022,0.008,0.057,27.9,Adjusted
658069,0.053,0.052,0.098,27.7,Adjusted
640457,0.022,0.027,0.039,26.5,Adjusted
553882,-0.007,0.004,-0.025,24.3,Adjusted
649966,0.005,0.016,0.004,27,Adjusted
592261,0.013,0.027,0.015,28.6,Adjusted
608348,0.012,0.003,0.034,25.6,Adjusted
571788,-0.014,-0.012,-0.014,25.6,Adjusted
609275,0.039,0.042,0.063,29.4,Adjusted
547379,-0.038,-0.033,-0.065,24.9,Adjusted
592348,-0.003,0.001,-0.001,28,Adjusted
592743,0.051,0.059,0.075,26.1,Adjusted
656541,0.039,0.021,0.1,29.4,Adjusted
645302,0.012,0.015,0.035,28,Adjusted
475253,0.005,-0.012,0.034,22.9,Adjusted
593643,0.042,0.039,0.077,26.8,Adjusted
642708,0.02,0.022,0.036,28.7,Adjusted
650859,-0.029,-0.026,-0.049,27.6,Adjusted
664901,0.03,0.023,0.075,26,Adjusted
593528,0.012,0.018,0.025,28.4,Adjusted
542340,0.013,0.024,0.015,27.1,Adjusted
542255,-0.02,-0.021,-0.011,26.1,Adjusted
656775,0.063,0.057,0.11,28.7,Adjusted
663698,0.024,0.033,0.028,26.8,Adjusted
643418,-0.008,-0.002,-0.01,26.8,Adjusted
596451,0.011,0.005,0.035,30.5,Adjusted
670623,0.014,0.014,0.024,25.5,Adjusted
622666,0.026,0.016,0.051,25.6,Adjusted
641432,-0.015,-0.002,-0.009,25.5,Adjusted
621311,-0.023,-0.016,-0.039,27,Adjusted
519222,0.024,0.033,0.029,25.1,Adjusted
666176,-0.014,-0.01,-0.018,29.3,Adjusted
657061,0.015,0.025,0.019,28.5,Adjusted
640458,-0.034,-0.03,-0.053,28.1,Adjusted
665489,0.027,0.019,0.05,27,Adjusted
592450,-0.055,-0.048,-0.11,27.3,Adjusted
660670,-0.01,-0.006,-0.011,29.4,Adjusted
571970,-0.026,-0.026,-0.058,27.1,Adjusted
660271,-0.02,-0.015,-0.036,29,Adjusted
545361,0.032,0.036,0.05,29.3,Adjusted
665742,-0.066,-0.042,-0.134,27.1,Adjusted
665487,-0.006,-0.015,0.007,28.9,Adjusted
663656,-0.068,-0.06,-0.113,27.6,Adjusted
446334,-0.034,-0.02,-0.084,26.2,Adjusted
518692,-0.063,-0.063,-0.119,26.7,Adjusted
608385,0.03,0.025,0.042,25.8,Adjusted
547180,-0.042,-0.019,-0.122,27.6,Adjusted
488726,-0.028,-0.016,-0.045,25.9,Adjusted
621566,0.003,0.018,0.028,25.9,Adjusted
641933,-0.009,-0.001,-0.035,29.7,Adjusted
592206,0.028,0.025,0.038,27.6,Adjusted
646240,-0.019,-0.014,-0.039,27.5,Adjusted
608070,-0.025,-0.033,-0.02,28.1,Adjusted
608348,-0.022,-0.012,-0.046,25,Adjusted
443558,-0.013,0.022,-0.011,25.9,Adjusted
666135,-0.078,-0.053,-0.159,27.6,Adjusted
457763,0.031,0.036,0.035,24.5,Adjusted
518626,-0.047,-0.037,-0.096,24.5,Adjusted
518735,-0.037,-0.05,-0.051,23.5,Adjusted
641820,-0.025,-0.022,-0.042,26.6,Adjusted
592663,-0.013,-0.001,-0.016,28.5,Adjusted
502110,0.007,0.014,-0.003,26,Adjusted
453568,-0.033,-0.024,-0.067,27,Adjusted
608369,-0.038,-0.027,-0.079,26.4,Adjusted
458015,-0.046,-0.037,-0.091,24.7,Adjusted
623912,-0.062,-0.054,-0.089,28.6,Adjusted
624424,-0.062,-0.045,-0.135,26.9,Adjusted
516782,0.038,0.054,0.065,28.4,Adjusted
572761,-0.093,-0.076,-0.197,25.8,Adjusted
593428,0.03,0.027,0.057,27.5,Adjusted
669257,-0.014,-0.007,-0.007,27.6,Adjusted
668804,0.012,0.02,0.005,28.3,Adjusted
606466,0.017,0.018,0.038,26.7,Adjusted
606192,-0.017,0.001,-0.065,28.6,Adjusted
660162,-0.012,0.006,-0.045,27.7,Adjusted
624413,-0.029,-0.012,-0.074,26.4,Adjusted
543063,-0.009,-0.006,-0.018,25.1,Adjusted
521692,-0.011,0.001,-0.034,26,Adjusted
649557,-0.038,-0.028,-0.076,26.6,Adjusted
621035,0.001,0.009,-0.004,28.6,Adjusted
467793,-0.029,-0.008,-0.078,24.8,Adjusted
614177,0.005,0.001,0.017,26.1,Adjusted
502054,-0.035,-0.014,-0.087,28.1,Adjusted
670541,0.003,0.025,-0.009,26.7,Adjusted
663616,-0.016,0.004,-0.058,25.8,Adjusted
657656,-0.007,-0.002,-0.028,28.1,Adjusted
608336,-0.018,-0.004,-0.053,27,Adjusted
553882,0.021,0.035,0.027,24.7,Adjusted
621043,0.019,0.002,0.05,27.2,Adjusted
622110,-0.031,-0.019,-0.07,26.6,Adjusted
592192,0.002,0.002,-0.001,27.8,Adjusted
592178,0.029,0.018,0.062,27.6,Adjusted
457759,0.005,0.012,0.005,25.1,Adjusted
547989,-0.022,-0.009,-0.036,26.4,Adjusted
572287,-0.023,-0.02,-0.052,26,Adjusted
519317,-0.006,-0.003,-0.016,24.7,Adjusted
476704,-0.048,-0.024,-0.113,25.7,Adjusted
666182,-0.004,0.005,-0.022,28.1,Adjusted
542583,-0.015,-0.02,-0.027,24.9,Adjusted
519203,-0.011,-0.017,-0.002,25.2,Adjusted
571745,-0.009,-0.012,-0.008,26.9,Adjusted
457705,-0.025,-0.03,-0.028,28.5,Adjusted
657077,-0.008,-0.006,-0.016,26.6,Adjusted
641786,-0.035,-0.008,-0.099,27.7,Adjusted
592885,-0.005,0.015,-0.025,28.6,Adjusted
645277,-0.014,-0.022,-0.013,28.2,Adjusted
457708,-0.011,-0.013,-0.017,27.5,Adjusted
623520,-0.08,-0.062,-0.147,27.3,Adjusted
514888,0.017,0.016,0.04,28.3,Adjusted
543228,-0.047,-0.048,-0.072,26.7,Adjusted
593871,-0.026,-0.021,-0.046,27.5,Adjusted
669222,-0.067,-0.055,-0.125,29.1,Adjusted
656976,-0.025,-0.013,-0.048,26.6,Adjusted
650333,-0.05,-0.027,-0.111,26.3,Adjusted
502671,-0.038,-0.019,-0.088,26.6,Adjusted
656941,-0.021,-0.016,-0.03,26.9,Adjusted
641598,0.004,-0.005,-0.003,25.5,Adjusted
605141,0.005,-0.008,0.033,27.2,Adjusted
543068,-0.006,-0.008,-0.013,25.8,Adjusted
541645,-0.025,-0.023,-0.047,28.7,Adjusted
543105,-0.049,-0.056,-0.07,26.4,Adjusted
666969,-0.001,0.007,0,28.2,Adjusted
664247,-0.035,-0.021,-0.064,26.8,Adjusted
596142,-0.012,-0.014,-0.028,25.8,Adjusted
663586,0.025,0.035,0.024,27.5,Adjusted
571980,-0,0,0.004,27.5,Adjusted
474832,0.027,0.031,0.059,25.3,Adjusted
596146,-0.039,-0.049,-0.043,27.4,Adjusted
669221,-0.024,-0.014,-0.058,26,Adjusted
542303,-0.064,-0.055,-0.115,26.5,Adjusted
641857,-0.001,-0.004,0.004,26.2,Adjusted
592518,-0.025,-0.017,-0.034,25.8,Adjusted
663993,-0.025,-0.006,-0.072,27.3,Adjusted
543281,-0.018,-0.005,-0.049,26.8,Adjusted
663886,0.003,0.003,0.007,26.6,Adjusted
656669,-0.008,-0.014,-0.008,27.5,Adjusted
425877,-0.016,-0.01,-0.03,23,Adjusted
592626,-0.02,-0.008,-0.022,26.9,Adjusted
514917,-0.038,-0.043,-0.055,28.8,Adjusted
592669,-0.014,-0.002,-0.04,27.2,Adjusted
642086,-0.039,-0.018,-0.067,25.9,Adjusted
607208,0.01,0.016,0.01,30.8,Adjusted
621493,-0.015,-0.011,-0.036,28.1,Adjusted
543257,0.001,0.009,0.007,27.6,Adjusted
493329,0.045,0.04,0.104,26.8,Adjusted
656775,0.046,0.044,0.092,28.6,Adjusted
605612,-0.057,-0.025,-0.126,25.5,Adjusted
641432,-0.024,-0.028,-0.034,26.1,Adjusted
640457,0.015,0.007,0.055,27.4,Adjusted
661388,-0.018,-0.017,-0.035,27,Adjusted
657557,-0.063,-0.059,-0.112,27.5,Adjusted
518934,-0.033,-0.02,-0.053,26.4,Adjusted
643446,-0.02,-0.006,-0.054,27.1,Adjusted
650490,-0.008,0.009,-0.029,26.1,Adjusted
575929,-0.007,-0.002,-0.017,27.4,Adjusted
570482,-0.023,-0.005,-0.058,25.7,Adjusted
664034,-0.006,0.008,-0.012,25.2,Adjusted
683734,-0.029,-0.011,-0.044,26.4,Adjusted
572122,-0.038,-0.028,-0.073,25.6,Adjusted
643217,0,0.021,-0.022,27.6,Adjusted
542340,-0.003,0.003,-0.019,27.5,Adjusted
543305,-0.054,-0.048,-0.092,26.9,Adjusted
665120,0.048,0.027,0.096,27.3,Adjusted
663757,0.049,0.041,0.095,28.7,Adjusted
543760,0.046,0.044,0.079,28.4,Adjusted
605137,-0.023,-0.029,-0.02,26,Adjusted
592567,0.019,0.019,0.026,24.2,Adjusted
543333,-0.036,-0.027,-0.06,25.4,Adjusted
641856,-0.011,-0.03,0.003,27.7,Adjusted
405395,-0.025,-0.025,-0.044,22.4,Adjusted
596019,-0.035,-0.023,-0.055,27.8,Adjusted
642133,-0.059,-0.041,-0.117,25.3,Adjusted
664040,-0.028,-0.024,-0.058,27.7,Adjusted
624585,-0.058,-0.037,-0.111,26.3,Adjusted
641313,0.015,0.033,0.004,27.9,Adjusted
596129,0.001,-0.015,0.022,24.5,Adjusted
456715,-0.027,-0.021,-0.055,28.4,Adjusted
595943,-0.044,-0.048,-0.073,27.6,Adjusted
609280,-0.03,-0.021,-0.061,27.3,Adjusted
650402,-0.016,0.004,-0.05,26.9,Adjusted
663697,0.011,0.025,0.005,28.7,Adjusted
630105,-0.003,0.008,-0.013,28.1,Adjusted
452678,0.025,0.032,0.046,24.6,Adjusted
666158,-0.017,-0.011,-0.029,29.1,Adjusted
596115,-0.007,0,-0.019,28.6,Adjusted
621020,-0.015,-0.012,-0.023,28.2,Adjusted
624428,0.043,0.036,0.082,27.1,Adjusted
608324,0.015,0.018,0.023,26.2,Adjusted
666185,0.007,0.017,0.003,27.7,Adjusted
668731,0.026,0.038,0.055,29,Adjusted
656555,0.002,0.005,-0.011,26.5,Adjusted
607732,-0.011,-0.011,-0.015,23.6,Adjusted
543939,0.015,0.012,0.026,27.2,Adjusted
573262,0.027,0.014,0.055,27.3,Adjusted
664913,-0.032,-0.036,-0.043,28.1,Adjusted
642708,0.002,-0.005,0.014,29.3,Adjusted
606213,0.008,0.028,-0.015,26.3,Adjusted
545341,0.002,0.003,-0.005,28.1,Adjusted
664761,-0.065,-0.045,-0.116,27.8,Adjusted
516416,0.044,0.062,0.064,27,Adjusted
621453,0.085,0.092,0.111,28.3,Adjusted
669720,-0.014,0.004,-0.048,27.3,Adjusted
642715,-0.022,-0.011,-0.05,28.2,Adjusted
649966,-0.01,0,-0.023,26.5,Adjusted
664023,-0.024,-0.03,-0.033,27,Adjusted
600869,0,0.014,-0.019,27,Adjusted
572041,-0.008,-0.001,-0.023,27.9,Adjusted
641343,-0.046,-0.032,-0.082,27.2,Adjusted
593160,-0.009,-0.004,-0.016,28.8,Adjusted
669242,-0.016,-0.009,-0.024,28.6,Adjusted
668942,0.016,0.019,0.039,27.7,Adjusted
643265,-0.001,-0.001,-0.002,26.2,Adjusted
666915,-0.038,-0.022,-0.081,28.2,Adjusted
570731,0.017,0.022,0.033,27,Adjusted
572039,-0.034,-0.029,-0.062,25.8,Adjusted
621466,-0.006,-0.01,-0.012,26.5,Adjusted
642211,-0.087,-0.082,-0.145,27,Adjusted
643393,0.041,0.04,0.096,26.9,Adjusted
623993,-0.023,-0.03,-0.004,26.1,Adjusted
542932,-0.03,-0.029,-0.044,29.9,Adjusted
669256,-0.015,-0.013,-0.03,28.8,Adjusted
571448,0.033,0.011,0.073,25.4,Adjusted
456781,-0.016,-0.003,-0.037,26,Adjusted
501303,-0.021,-0.035,0.01,26.9,Adjusted
543768,-0.039,-0.039,-0.064,25.1,Adjusted
543543,0.022,0.011,0.047,27.8,Adjusted
641487,0.015,0.018,0.032,27.3,Adjusted
500743,0.035,0.029,0.065,26.9,Adjusted
622534,-0.022,-0.024,-0.026,28.8,Adjusted
596103,-0.003,-0.012,0.004,28.3,Adjusted
640449,-0.025,-0.027,-0.041,27.2,Adjusted
553993,-0.038,-0.039,-0.062,26.9,Adjusted
665862,0.032,0.036,0.053,29,Adjusted
500871,0.01,0.005,0.011,27.6,Adjusted
571788,-0.007,-0.015,-0.002,25.9,Adjusted
592696,-0.018,0.002,-0.034,27,Adjusted
543685,-0.01,-0.005,-0.023,25.1,Adjusted
408234,-0.039,-0.017,-0.087,24.3,Adjusted
570256,-0.042,-0.02,-0.063,27.4,Adjusted
607461,0.032,0.033,0.055,27.2,Adjusted
628338,0.029,0.023,0.056,27.6,Adjusted
572816,0.002,0.008,-0.004,27.6,Adjusted
605170,-0.02,-0.01,-0.042,25.3,Adjusted
596059,-0.024,-0.033,-0.031,26.3,Adjusted
643396,0.013,0.011,0.028,27.7,Adjusted
656305,0.005,0.018,0.004,28,Adjusted
543510,-0.002,0.006,-0.013,26.7,Adjusted
645302,-0.006,0.002,-0.025,28.2,Adjusted
647304,-0.01,-0.002,-0.021,26.3,Adjusted
527038,-0.001,-0.001,-0.004,24.6,Adjusted
624641,0.015,0.034,0,29.6,Adjusted
594807,-0.017,-0.006,-0.046,28.3,Adjusted
571657,-0.036,-0.034,-0.066,27,Adjusted
602074,0.037,0.055,0.049,28.1,Adjusted
668227,0.035,0.039,0.051,28.5,Adjusted
475582,0.055,0.038,0.091,26.3,Adjusted
605412,-0.001,0,-0.001,26.5,Adjusted
519390,0.011,-0.001,0.031,26.2,Adjusted
621311,-0.047,-0.034,-0.081,27.7,Adjusted
578428,0.005,0.004,0.011,27.6,Adjusted
624415,0.023,0.02,0.046,28.3,Adjusted
593643,-0.01,-0.012,0.002,26.9,Adjusted
606132,0.033,0.025,0.061,28.3,Adjusted
624414,0.038,0.035,0.059,27.8,Adjusted
444482,0.021,0.011,0.05,27.6,Adjusted
607680,0.014,0.016,0.015,27.5,Adjusted
641658,0.008,0.009,0.013,29.8,Adjusted
516770,-0.03,-0.004,-0.067,25.9,Adjusted
546318,0.038,0.031,0.078,27.6,Adjusted
503556,-0.035,-0.035,-0.053,26.9,Adjusted
621563,0.062,0.048,0.116,27.8,Adjusted
595879,0.017,0.018,0.038,28.3,Adjusted
462101,-0.047,-0.038,-0.075,26.4,Adjusted
664238,-0.006,-0.026,0.02,28.1,Adjusted
571466,0.036,0.042,0.052,24.4,Adjusted
594809,-0.005,-0.021,0.014,28.1,Adjusted
641531,-0.046,-0.056,-0.062,28.2,Adjusted
663624,0.013,0.024,0.019,28.1,Adjusted
605119,0.009,0.032,-0.014,26.9,Adjusted
664702,0.002,0.005,0.006,28.9,Adjusted
553902,-0.003,-0.007,-0.001,23.7,Adjusted
593934,0.005,-0.007,0.029,26.7,Adjusted
608596,-0.027,-0.011,-0.032,27,Adjusted
571976,0.018,0.029,0.019,28.2,Adjusted
664057,-0.025,-0.019,-0.054,29.3,Adjusted
595777,-0.013,-0.01,-0.014,26.3,Adjusted
592348,-0.014,0.014,-0.026,28.2,Adjusted
642336,0.012,0.009,0.025,27,Adjusted
467092,-0.022,-0.033,-0.017,23.5,Adjusted
642162,-0.058,-0.025,-0.111,27,Adjusted
656371,-0.057,-0.056,-0.086,25.5,Adjusted
553869,-0.066,-0.065,-0.096,25.7,Adjusted
663611,0.05,0.044,0.098,28.1,Adjusted
520471,0.037,0.032,0.064,25.9,Adjusted
600474,-0.011,-0.003,-0.029,26.2,Adjusted
518792,-0.042,-0.048,-0.052,26.7,Adjusted
664789,-0.041,-0.042,-0.038,28.2,Adjusted
543877,0.004,0.014,-0.006,25.2,Adjusted
592743,0.003,-0.002,0.015,26.3,Adjusted
650489,-0,-0.009,0.017,28.4,Adjusted
621433,0.015,0.025,0.011,28.2,Adjusted
666971,-0.001,0.013,0,26.2,Adjusted
501571,-0.024,-0.022,-0.034,27.9,Adjusted
670032,0.009,0.015,0.029,28.3,Adjusted
624431,-0.044,-0.021,-0.081,24.5,Adjusted
519048,0.019,0.018,0.043,24.2,Adjusted
570481,-0.034,-0.029,-0.054,27.4,Adjusted
571771,0.005,0.013,0.001,27.3,Adjusted
605131,0.026,0.016,0.063,27.1,Adjusted
643565,-0.015,-0.011,-0.028,27.3,Adjusted
665155,0.018,0.025,0.014,27.1,Adjusted
643289,-0.003,0.009,-0.007,27.8,Adjusted
458731,0.013,0.01,0.039,28.1,Adjusted
572233,-0.031,-0.035,-0.037,27.4,Adjusted
572191,0.002,0.016,-0.018,28.4,Adjusted
664058,0.001,0.002,0.004,27.5,Adjusted
641796,-0.036,-0.037,-0.06,30.7,Adjusted
608577,-0.017,-0.013,-0.033,26.2,Adjusted
643376,-0.033,-0.041,-0.05,27.7,Adjusted
596748,0.001,-0.015,0.022,25.4,Adjusted
670351,-0.005,-0.012,0,27.1,Adjusted
544725,0.014,0.029,0.011,28.4,Adjusted
621028,-0.046,-0.044,-0.062,28.3,Adjusted
642721,-0.008,-0.006,-0.009,27.2,Adjusted
435559,0.02,0.022,0.028,25.1,Adjusted
595281,0.006,0.013,0.007,29,Adjusted
670712,0.001,-0.006,0.018,27.9,Adjusted
598265,-0.036,-0.043,-0.028,27.2,Adjusted
455117,-0.006,-0.016,0.002,23.7,Adjusted
673490,0.008,0.003,0.034,28.4,Adjusted
592444,-0.05,-0.03,-0.099,27.4,Adjusted
518586,0.023,0.011,0.051,27.9,Adjusted
642423,0,0.006,0.003,29,Adjusted
624513,0.01,-0.001,0.038,25.3,Adjusted
669374,-0.044,-0.032,-0.088,27.2,Adjusted
658069,0.039,0.026,0.08,27.4,Adjusted
666211,0.015,0.005,0.039,27.9,Adjusted
660294,-0.021,-0.01,-0.047,26.2,Adjusted
544369,0.035,0.02,0.072,27.5,Adjusted
605113,0.025,0.023,0.045,27.7,Adjusted
506702,-0.023,-0.005,-0.06,23.4,Adjusted
519299,0.032,0.048,0.043,25.7,Adjusted
595978,-0.006,-0.019,0.006,24.3,Adjusted
