player_id,woba_diff,ba_diff,slg_diff,sprint_speed,year
408234,-0.012,0.021,-0.052,24,Not Adjusted
545361,-0,0.008,0.001,29.7,Not Adjusted
547180,0.049,0.041,0.098,27.7,Not Adjusted
458015,0.015,0.035,0.014,25.4,Not Adjusted
120074,-0.032,-0.024,-0.059,22.8,Not Adjusted
518692,-0.044,-0.022,-0.096,25.4,Not Adjusted
519317,-0.013,-0.014,-0.043,27.1,Not Adjusted
457705,-0.017,0.008,-0.033,28.5,Not Adjusted
448801,-0.007,0.002,-0.029,27,Not Adjusted
502671,0.025,0.049,0.014,27.4,Not Adjusted
593934,0.006,0.026,-0.016,27.8,Not Adjusted
502110,-0.012,0.009,-0.047,27.9,Not Adjusted
430832,0.005,-0.008,0.001,25.6,Not Adjusted
518626,0.017,0.023,0.025,26.6,Not Adjusted
572761,-0.006,-0.003,-0.012,27,Not Adjusted
443558,0.023,0.024,0.018,26.1,Not Adjusted
429665,0.019,0.014,0.029,25,Not Adjusted
519203,0.012,0.01,0.02,26,Not Adjusted
493316,0,0.006,0.003,28.4,Not Adjusted
446263,-0.008,-0.006,-0.018,25.2,Not Adjusted
121347,-0.005,0.003,-0.022,23.9,Not Adjusted
475582,-0.037,-0.036,-0.046,26,Not Adjusted
407893,0.016,0.005,0.056,24.4,Not Adjusted
434778,-0,0.014,-0.017,24.3,Not Adjusted
457759,0.008,0.012,0.008,26.1,Not Adjusted
543807,0,0.005,-0.014,28.8,Not Adjusted
474832,-0,0.017,-0.014,26.7,Not Adjusted
408236,-0.005,-0.001,-0.029,23.9,Not Adjusted
457763,0.005,0.024,-0.011,25.2,Not Adjusted
628356,-0.002,0.009,-0.022,26.7,Not Adjusted
519048,-0.01,0.003,-0.026,24.8,Not Adjusted
434158,-0.001,0.003,-0.018,27.6,Not Adjusted
656941,0.007,0.014,0.009,27.2,Not Adjusted
134181,-0.017,-0.003,-0.032,26.4,Not Adjusted
621043,0.011,0.003,0.025,28.3,Not Adjusted
444843,0.013,0.018,0.021,27.3,Not Adjusted
460075,0.013,0.024,0.013,27.3,Not Adjusted
429667,-0.045,-0.035,-0.074,24.2,Not Adjusted
592885,-0.008,0.004,-0.019,28.7,Not Adjusted
425783,0.015,0.025,0.008,26.9,Not Adjusted
519208,-0.009,-0.004,-0.023,25.9,Not Adjusted
456715,0.012,0.02,0.014,29,Not Adjusted
572039,0.017,0.026,-0.002,28,Not Adjusted
543333,0.008,0.022,0.01,27.1,Not Adjusted
429664,-0.012,0,-0.026,24.5,Not Adjusted
572122,-0.011,-0.013,-0.026,26,Not Adjusted
502143,0.022,0.021,0.029,26.9,Not Adjusted
475253,-0.014,-0.022,-0.035,23.9,Not Adjusted
425902,0.016,0.033,0.003,24.8,Not Adjusted
452655,0.004,0.006,0.019,27.3,Not Adjusted
592178,0.027,0.048,0.025,28.6,Not Adjusted
444482,0.039,0.04,0.068,27.7,Not Adjusted
592518,0.03,0.025,0.04,27.4,Not Adjusted
476883,-0.007,-0.011,-0.008,25.3,Not Adjusted
467793,-0.009,-0.008,-0.02,25.5,Not Adjusted
592626,-0.005,0.003,-0.008,27.1,Not Adjusted
405395,-0.006,-0.02,-0.011,23.3,Not Adjusted
572041,0.033,0.029,0.047,29,Not Adjusted
488726,0.03,0.026,0.058,25.9,Not Adjusted
543401,0.017,0.021,0.036,27.3,Not Adjusted
518735,-0.003,0.012,-0.013,24,Not Adjusted
136860,0.011,0.007,0.016,25.5,Not Adjusted
456078,-0.014,-0.008,-0.024,24.9,Not Adjusted
408045,-0.023,-0.006,-0.043,26.6,Not Adjusted
501981,0.019,0.026,0.018,26.9,Not Adjusted
452234,-0.002,-0.001,0.001,26.5,Not Adjusted
407812,0.019,0.026,0.046,25.9,Not Adjusted
446334,-0.005,0.014,-0.034,27.4,Not Adjusted
472528,-0.007,-0.014,-0.016,25.5,Not Adjusted
499624,0.05,0.054,0.059,26.1,Not Adjusted
543063,0.002,0.01,0,26.8,Not Adjusted
516782,0.008,0.023,-0.003,29.6,Not Adjusted
474892,-0.01,-0.005,-0.029,26.4,Not Adjusted
605141,0.023,0.02,0.043,28.7,Not Adjusted
461314,-0.003,0.01,-0.011,25.9,Not Adjusted
150029,-0.028,-0.025,-0.057,25.8,Not Adjusted
547989,0.034,0.028,0.045,25.6,Not Adjusted
502517,-0.002,0.003,-0.001,25.7,Not Adjusted
471083,0.001,0.017,-0.006,24.3,Not Adjusted
489149,-0.029,-0.024,-0.053,26.5,Not Adjusted
456714,-0.015,0.009,-0.046,23.6,Not Adjusted
431145,0.014,0.008,0.032,26.1,Not Adjusted
471865,0.039,0.022,0.061,26.4,Not Adjusted
543768,0.023,0.021,0.021,26,Not Adjusted
430945,0.009,0.012,-0.013,28.1,Not Adjusted
518618,0.021,0.028,0.016,27.6,Not Adjusted
461858,-0.004,-0.003,-0.011,26.3,Not Adjusted
596748,0.036,0.024,0.034,26.7,Not Adjusted
519058,0.03,0.032,0.04,25.6,Not Adjusted
400121,-0.037,-0.019,-0.065,22.4,Not Adjusted
461235,-0.015,0.004,-0.043,26.8,Not Adjusted
570731,0.016,0.017,-0.006,26.8,Not Adjusted
458731,0.005,0.009,0.002,28.8,Not Adjusted
571976,0.012,0.018,0.014,28.6,Not Adjusted
573131,-0.011,-0.013,-0.02,25.6,Not Adjusted
465041,0.02,0.041,0.007,26.1,Not Adjusted
433217,0.051,0.038,0.09,26.9,Not Adjusted
571448,0.05,0.023,0.054,26.1,Not Adjusted
475174,0.006,0.024,0.01,24.8,Not Adjusted
501896,0.004,0.013,0.005,26.7,Not Adjusted
457708,0.018,0.026,0.033,28,Not Adjusted
452252,0.031,0.038,0.033,23.9,Not Adjusted
502210,0.016,0.013,0.034,27.8,Not Adjusted
460086,0.031,0.036,0.034,26.1,Not Adjusted
543685,-0.005,0.018,-0.015,27.7,Not Adjusted
425509,0.004,0.012,-0.004,25.9,Not Adjusted
542303,-0.017,-0.002,-0.043,28.2,Not Adjusted
453943,0.023,0.011,0.031,25.8,Not Adjusted
488862,0.03,0.047,0.033,25.6,Not Adjusted
545341,0.052,0.045,0.073,28.7,Not Adjusted
592206,-0.007,0.002,-0.014,26.5,Not Adjusted
458085,0.019,0.012,0.043,26.5,Not Adjusted
434604,-0.027,0.001,-0.074,24.6,Not Adjusted
435062,0.008,0.018,0.003,26.7,Not Adjusted
523253,0.033,0.034,0.044,28.4,Not Adjusted
518960,-0.004,0.007,-0.001,25.5,Not Adjusted
624585,-0.005,0.008,-0.012,27.6,Not Adjusted
519390,0.018,0.017,0.046,26,Not Adjusted
452104,-0.01,0.003,-0.032,25.6,Not Adjusted
624577,0.011,0.016,0.021,28.5,Not Adjusted
455139,0.015,0.013,0.031,25.7,Not Adjusted
450314,0.033,0.02,0.057,27.2,Not Adjusted
514913,-0.013,-0.003,-0.023,26,Not Adjusted
554429,-0.011,-0.016,-0.003,26.5,Not Adjusted
444432,0.012,0.019,0.01,27.2,Not Adjusted
543305,-0.001,0.001,-0.023,28.4,Not Adjusted
457803,-0.006,-0.007,0,25.9,Not Adjusted
605412,0.049,0.047,0.065,26.5,Not Adjusted
518595,0.041,0.034,0.08,26.6,Not Adjusted
446308,0.007,0.019,0.009,24.8,Not Adjusted
543376,-0.014,-0.012,-0.026,26.5,Not Adjusted
453064,0.023,0.028,0.02,26.2,Not Adjusted
435522,0.014,0.02,0.003,26.2,Not Adjusted
571875,0.001,0.014,-0.003,26.6,Not Adjusted
543068,0.006,0.014,-0.001,26,Not Adjusted
571506,0.032,0.026,0.03,24.4,Not Adjusted
541645,-0.016,-0.002,-0.028,29.1,Not Adjusted
594777,0.006,0.014,0,26.5,Not Adjusted
622110,0.021,0.028,0.024,28.2,Not Adjusted
543543,0.009,0.018,0.027,27.7,Not Adjusted
596019,0.049,0.048,0.094,28.5,Not Adjusted
150229,0.024,0.03,0.033,23.9,Not Adjusted
446386,0.034,0.035,0.047,28.2,Not Adjusted
501659,0.004,0.007,0.012,28.5,Not Adjusted
429713,-0.005,0.004,-0.013,26.5,Not Adjusted
476704,-0.002,-0.021,-0.008,26.3,Not Adjusted
445988,0.012,0.018,0.014,26.9,Not Adjusted
605512,0.012,-0.007,0.005,26.9,Not Adjusted
592192,0.019,0.019,0.015,28.2,Not Adjusted
435079,0.032,0.029,0.047,26.9,Not Adjusted
408252,0.012,0.016,0.017,25.8,Not Adjusted
592663,-0.005,-0.01,-0.022,28.8,Not Adjusted
434670,0.005,-0.002,0.008,26.5,Not Adjusted
458675,0.036,0.027,0.049,27.9,Not Adjusted
453568,0.043,0.042,0.071,27.9,Not Adjusted
570256,0.003,0.011,0.007,28.6,Not Adjusted
451594,0.032,0.025,0.069,28.4,Not Adjusted
435263,0.026,0.012,0.039,23.2,Not Adjusted
453923,0.038,0.049,0.058,28.4,Not Adjusted
543939,0.011,0.01,0.025,27.5,Not Adjusted
500871,0.024,0.024,0.047,27.5,Not Adjusted
594828,0.018,0.003,0.031,27.4,Not Adjusted
543228,-0.016,-0.007,-0.032,26.7,Not Adjusted
400284,-0.025,-0.031,-0.016,27.5,Not Adjusted
518934,0.03,0.048,0.035,27.2,Not Adjusted
457727,0.01,0.012,0.009,29.1,Not Adjusted
346874,0.022,0.023,0.039,26.3,Not Adjusted
435063,0.024,0.029,0.035,25.2,Not Adjusted
518792,0.048,0.05,0.084,27.4,Not Adjusted
542994,0.029,0.039,0.033,28.1,Not Adjusted
570482,-0.026,-0.022,-0.048,26.8,Not Adjusted
572019,0.044,0.036,0.07,26.8,Not Adjusted
407781,0.022,0.02,0.033,28,Not Adjusted
514888,0.053,0.055,0.075,28.5,Not Adjusted
455976,0.033,0.045,0.047,25.4,Not Adjusted
460576,0.021,0.023,0.018,28.6,Not Adjusted
133380,0.015,0.012,0.02,24.2,Not Adjusted
467092,-0.029,-0.015,-0.047,23.9,Not Adjusted
594809,0.053,0.049,0.084,28.9,Not Adjusted
572821,0.03,0.013,0.029,27.8,Not Adjusted
425560,-0.01,0.003,-0.033,24.3,Not Adjusted
457706,0.013,0.017,0.016,28.2,Not Adjusted
430637,0.03,0.032,0.026,27.4,Not Adjusted
543434,0.014,0.018,0.009,29.6,Not Adjusted
519237,-0.001,0.008,-0.016,25.2,Not Adjusted
456030,0.056,0.057,0.081,27,Not Adjusted
425766,0.003,0.013,0.001,24,Not Adjusted
466320,0.016,0.013,0.031,25.8,Not Adjusted
592743,-0.001,0.006,0,27,Not Adjusted
453400,-0.017,0.015,-0.056,26.1,Not Adjusted
576397,0.01,0.017,-0.01,24.7,Not Adjusted
607054,-0.004,0.007,-0.013,28.5,Not Adjusted
519306,0.025,0.024,0.028,28.6,Not Adjusted
519025,-0.032,-0.024,-0.053,28,Not Adjusted
571788,0.032,0.035,0.052,28.6,Not Adjusted
596059,0.044,0.033,0.08,28.1,Not Adjusted
593428,0.049,0.056,0.057,28.3,Not Adjusted
467827,0.045,0.044,0.076,26.6,Not Adjusted
595281,0.02,0.006,0.053,29.7,Not Adjusted
598265,0.066,0.057,0.136,27.4,Not Adjusted
521692,0.012,0.001,-0.011,25.5,Not Adjusted
474568,-0.023,-0.011,-0.035,27.7,Not Adjusted
453056,0.005,0.017,0.015,27.5,Not Adjusted
430203,-0.009,-0.007,-0.005,26.3,Not Adjusted
452678,0.033,0.039,0.034,26.5,Not Adjusted
457477,0.04,0.034,0.071,27.7,Not Adjusted
543760,0.025,0.024,0.016,28.9,Not Adjusted
455759,0.046,0.028,0.085,27.7,Not Adjusted
116338,0.018,0.009,0.015,26.5,Not Adjusted
519184,0.031,0.037,0.048,28.4,Not Adjusted
500208,0.039,0.029,0.063,25.3,Not Adjusted
150212,0.021,0.026,0.018,27.3,Not Adjusted
449181,0.018,0.002,0.046,30,Not Adjusted
435559,-0.016,-0.011,-0.046,25.7,Not Adjusted
448602,0.026,0.039,0.024,25.8,Not Adjusted
596119,0.028,0.022,0.045,27.9,Not Adjusted
425796,0.024,0.012,0.055,26.3,Not Adjusted
503556,0.046,0.037,0.065,26.2,Not Adjusted
431094,-0.002,0.001,-0.02,27.7,Not Adjusted
543281,0.031,0.041,0.042,27.2,Not Adjusted
544369,0.021,0.021,0.044,28.4,Not Adjusted
606466,0.049,0.048,0.087,28.1,Not Adjusted
517370,0.034,0.041,0.036,27.4,Not Adjusted
543213,0.022,0.023,0.046,28,Not Adjusted
502082,0.007,0.009,0.012,27,Not Adjusted
608070,-0.001,-0.011,0.012,28,Not Adjusted
461815,0.036,0.045,0.059,26.9,Not Adjusted
605486,0.038,0.036,0.077,28.9,Not Adjusted
425567,-0.001,0.007,0.002,28.2,Not Adjusted
572365,0.017,0.027,0.034,27.3,Not Adjusted
501983,0.013,0.015,0.028,26.6,Not Adjusted
455104,0.001,0.004,-0.009,25.3,Not Adjusted
605125,0.019,0.019,0.02,26.8,Not Adjusted
434563,-0.02,-0.014,-0.028,25.6,Not Adjusted
445055,-0.026,-0.021,-0.048,26.1,Not Adjusted
430897,0.006,0.007,0.021,24.3,Not Adjusted
546318,0.055,0.065,0.074,27.9,Not Adjusted
607680,0.032,0.029,0.053,28.7,Not Adjusted
430947,0.002,0.011,0.001,27.9,Not Adjusted
456665,0.03,0.008,0.026,26.9,Not Adjusted
572033,0.046,0.023,0.071,26.2,Not Adjusted
430948,-0.007,0.006,-0.016,24.9,Not Adjusted
514917,0.03,0.039,0.037,29.9,Not Adjusted
543510,0.021,0.026,0.032,26.8,Not Adjusted
462101,0.016,0.02,0.033,27.7,Not Adjusted
467070,0.02,0.007,0.014,27.8,Not Adjusted
435622,0.019,0.024,0.028,28.7,Not Adjusted
276519,0.008,-0.001,0.018,27,Not Adjusted
461416,0.023,0.024,0.043,27.8,Not Adjusted
475100,0.032,0.045,0.043,27.5,Not Adjusted
572191,0.001,0.01,-0.009,28.7,Not Adjusted
460060,-0.013,-0.009,-0.053,27.1,Not Adjusted
460026,0.076,0.067,0.096,26,Not Adjusted
573135,-0.007,-0.011,0.004,28.3,Not Adjusted
516770,0.018,0.032,0.011,27.5,Not Adjusted
493114,0.057,0.061,0.088,26.7,Not Adjusted
588751,0.029,0.036,0.03,28.9,Not Adjusted
630111,0.038,0.04,0.047,27.3,Not Adjusted
488771,0.015,0.005,0.037,26.4,Not Adjusted
467055,0.02,0.026,0.015,24.7,Not Adjusted
449107,-0.002,-0.003,0.003,27.7,Not Adjusted
501571,0.013,0.016,0.011,28.4,Not Adjusted
444876,0.004,0.008,0.002,27.4,Not Adjusted
542208,0.017,0.019,0.02,26.3,Not Adjusted
527038,0.039,0.027,0.061,25.8,Not Adjusted
592261,0.052,0.059,0.092,30.6,Not Adjusted
434658,0.055,0.038,0.107,29.2,Not Adjusted
456422,0.004,0.021,-0.005,28,Not Adjusted
475247,0.014,0.017,0.022,26.8,Not Adjusted
431171,-0.022,-0.017,-0.028,24.6,Not Adjusted
459964,-0.01,-0.018,0.002,26.3,Not Adjusted
553993,0.064,0.065,0.102,27,Not Adjusted
425877,0.023,0.037,0.023,23.3,Not Adjusted
435401,0.018,0.018,0.039,26.4,Not Adjusted
608700,-0.012,-0.006,-0.045,26.9,Not Adjusted
542255,0.062,0.067,0.096,28,Not Adjusted
519083,0.046,0.031,0.065,28,Not Adjusted
543829,0.075,0.087,0.103,29,Not Adjusted
430910,0.033,0.045,0.046,24.5,Not Adjusted
520471,0.021,0.036,0.025,27.2,Not Adjusted
543238,0.042,0.044,0.073,28.3,Not Adjusted
608365,0.042,0.042,0.053,28,Not Adjusted
434636,0.019,0.03,0.025,28.2,Not Adjusted
571466,0.023,0.028,0.041,25.6,Not Adjusted
519299,0.005,0.008,0.01,26.3,Not Adjusted
592696,0.056,0.05,0.078,28.5,Not Adjusted
452239,0.011,0.015,0.015,29.6,Not Adjusted
452220,0.025,0.003,0.055,26.5,Not Adjusted
452095,0.03,0.042,0.031,25.6,Not Adjusted
457787,0.053,0.052,0.09,27.8,Not Adjusted
545350,0.031,0.032,0.048,29.5,Not Adjusted
493351,0.023,0.017,0.045,26.5,Not Adjusted
570560,0.006,-0.006,0.023,27.7,Not Adjusted
430404,0.039,0.037,0.042,26.7,Not Adjusted
541650,-0.002,0.011,-0.013,28,Not Adjusted
578428,0.063,0.069,0.093,28.4,Not Adjusted
408314,0.048,0.04,0.081,27.5,Not Adjusted
488681,0.036,0.043,0.041,27.3,Not Adjusted
543216,0.019,0.012,0.038,24.9,Not Adjusted
400085,0.001,0.008,0.008,27.9,Not Adjusted
572287,-0.014,-0.003,-0.042,26.6,Not Adjusted
453539,0.007,-0.005,0.028,28.1,Not Adjusted
628329,0.037,0.042,0.045,27.5,Not Adjusted
572008,0.01,0.016,0.016,28.6,Not Adjusted
516416,0.026,0.034,0.029,28.7,Not Adjusted
425784,-0.026,-0.009,-0.05,24.6,Not Adjusted
542993,0.077,0.076,0.127,29.1,Not Adjusted
455117,0.016,0.028,0.025,25,Not Adjusted
506560,-0.001,0,-0.003,26.8,Not Adjusted
408299,0.002,-0.008,0.022,28.1,Not Adjusted
429666,0.012,0.015,0.01,26.4,Not Adjusted
547982,0.018,0.019,0.027,28.1,Not Adjusted
605113,0.041,0.03,0.078,28.4,Not Adjusted
571697,0.056,0.05,0.089,26.8,Not Adjusted
571740,0.023,0.029,0.042,29.8,Not Adjusted
542454,0.027,0.024,0.054,28.9,Not Adjusted
