player_id,woba_diff,ba_diff,slg_diff,sprint_speed,year
408234,-0.044,-0.011,-0.112,24.3,Not Adjusted
545361,0.003,0.021,-0.015,29,Not Adjusted
120074,0.009,0.016,-0.008,23.5,Not Adjusted
518626,0.006,0.008,-0.007,27.1,Not Adjusted
458015,0.017,0.025,0,24.9,Not Adjusted
502110,-0.009,0.015,-0.039,27,Not Adjusted
572761,-0.016,-0.011,-0.038,26.6,Not Adjusted
518692,0.014,0.027,0.004,26.3,Not Adjusted
502517,0.022,0.033,0.025,26.5,Not Adjusted
443558,-0.003,0.015,-0.04,26.1,Not Adjusted
518934,0.008,0.018,0.003,27.2,Not Adjusted
467793,-0.012,-0.015,-0.026,25.8,Not Adjusted
592178,0.016,0.023,-0.012,28.6,Not Adjusted
592206,-0.03,-0.003,-0.091,26.9,Not Adjusted
434778,-0.041,-0.022,-0.083,24.2,Not Adjusted
592885,-0.01,0.003,-0.016,28.9,Not Adjusted
514888,0.015,0.026,0.009,28.4,Not Adjusted
474832,0.001,0.019,-0.007,26.3,Not Adjusted
608369,0,0.009,-0.005,26.6,Not Adjusted
429665,0.001,0.004,-0.005,25.2,Not Adjusted
456714,-0.046,-0.021,-0.097,23.5,Not Adjusted
572122,-0.007,-0.009,-0.012,25.5,Not Adjusted
493316,0,-0.002,-0.009,27.1,Not Adjusted
456665,0.005,0.012,-0.023,26.6,Not Adjusted
134181,0.009,0.013,0.005,25.9,Not Adjusted
592518,0.004,0.007,0.003,26.1,Not Adjusted
501981,-0.013,0,-0.039,27.1,Not Adjusted
474892,-0.016,-0.013,-0.038,26.6,Not Adjusted
596115,0.02,0.004,-0.009,29.6,Not Adjusted
400121,-0.008,0.004,-0.036,22.5,Not Adjusted
621043,-0.009,-0.003,-0.026,28.1,Not Adjusted
444432,0,-0.005,-0.024,27,Not Adjusted
430832,-0.003,-0.018,-0.003,25.3,Not Adjusted
502671,0.024,0.034,0.032,27.4,Not Adjusted
405395,-0.026,-0.01,-0.064,22.6,Not Adjusted
452234,-0.025,-0.015,-0.065,26,Not Adjusted
571506,-0.011,-0.003,-0.026,24.1,Not Adjusted
519203,0.038,0.035,0.056,25.9,Not Adjusted
446334,-0.003,0.006,-0.024,27.5,Not Adjusted
453568,0.042,0.031,0.057,27.7,Not Adjusted
408045,-0.025,-0.013,-0.052,26.3,Not Adjusted
518735,-0.002,-0.004,-0.005,24.2,Not Adjusted
457763,-0.01,0.009,-0.038,25.1,Not Adjusted
435522,-0,0.013,-0.017,26.2,Not Adjusted
543807,0.002,0.008,-0.006,28.4,Not Adjusted
570267,-0.008,-0.007,-0.012,27.2,Not Adjusted
459964,0.024,0.021,0.042,26,Not Adjusted
457759,0.003,0.002,0.007,26.1,Not Adjusted
592387,0.015,0.016,-0.009,26.4,Not Adjusted
429667,-0.051,-0.046,-0.085,23.2,Not Adjusted
453064,-0.021,-0.013,-0.07,25.5,Not Adjusted
476883,0.001,-0.008,-0.006,25.2,Not Adjusted
448801,-0.008,0.005,-0.029,26.5,Not Adjusted
450314,0.013,0.002,0.023,27.3,Not Adjusted
523253,-0.009,-0.001,-0.028,27.7,Not Adjusted
429711,-0.008,0.005,-0.014,25.2,Not Adjusted
502143,-0.001,0.011,-0.034,26.9,Not Adjusted
461314,-0.01,0.001,-0.035,25.3,Not Adjusted
628356,0.026,0.018,0.05,25.7,Not Adjusted
429664,0.028,0.018,0.051,24.7,Not Adjusted
594777,-0.002,0.006,-0.013,26,Not Adjusted
592626,0.018,0.011,0.026,26.4,Not Adjusted
571448,0.045,0.024,0.033,26.2,Not Adjusted
407812,-0.006,-0.01,-0.006,25.8,Not Adjusted
543105,-0.004,-0.012,-0.003,27.8,Not Adjusted
572114,0.022,0.023,0.057,28.2,Not Adjusted
547989,0.01,0.018,0.001,25.6,Not Adjusted
571830,0.003,-0.002,-0.002,25.2,Not Adjusted
547180,0.004,0.004,0.013,27.2,Not Adjusted
518960,0.024,0.024,0.033,25.5,Not Adjusted
451594,0.029,0.034,0.055,28.2,Not Adjusted
572039,0.007,0.013,-0.01,27.3,Not Adjusted
435063,0.005,0.021,-0.007,24.8,Not Adjusted
467092,0.024,0.038,0.022,24,Not Adjusted
460075,0.041,0.035,0.076,27.4,Not Adjusted
543401,0.01,0.008,0.009,27.3,Not Adjusted
543685,0.005,0.009,-0.01,28.1,Not Adjusted
457708,-0.008,-0.004,-0.027,27.4,Not Adjusted
452095,0.002,0.031,-0.016,25.3,Not Adjusted
519317,0.007,0.002,-0.006,27.5,Not Adjusted
547957,0.017,0.04,0.002,26.5,Not Adjusted
542303,-0.005,-0.004,-0.018,28,Not Adjusted
666560,-0.041,-0.03,-0.102,26.7,Not Adjusted
571875,0.018,0.01,0.038,27.2,Not Adjusted
489149,-0.016,-0.018,-0.031,26.9,Not Adjusted
630111,0.012,0.006,0.012,27,Not Adjusted
594807,-0.001,-0.007,-0.006,28.4,Not Adjusted
461235,-0.004,-0.007,-0.016,26.2,Not Adjusted
471865,0.029,0.027,0.03,27.1,Not Adjusted
518618,0.016,0.034,0.02,27.7,Not Adjusted
519048,-0.025,-0.018,-0.05,25.6,Not Adjusted
596019,0.009,0.018,0.006,27,Not Adjusted
434670,0.036,0.036,0.051,26.8,Not Adjusted
571976,0.01,0.01,0.021,28,Not Adjusted
457705,-0.002,0.007,-0.022,29.1,Not Adjusted
543257,0.033,0.027,0.051,27.8,Not Adjusted
455976,-0.009,-0.002,-0.023,25.4,Not Adjusted
570256,0.001,-0.012,0.012,27.2,Not Adjusted
607208,0.066,0.065,0.093,30.2,Not Adjusted
575929,0.034,0.03,0.044,28.3,Not Adjusted
434158,0.01,-0.006,0.033,27.3,Not Adjusted
452254,0.021,0.037,0.033,28.5,Not Adjusted
607054,-0.011,-0.012,-0.025,28.8,Not Adjusted
605141,0.052,0.044,0.081,28,Not Adjusted
608070,0.028,0.026,0.044,27.9,Not Adjusted
571980,0.047,0.047,0.083,28.3,Not Adjusted
446481,0.036,0.041,0.046,27.1,Not Adjusted
150029,0,0.002,-0.006,25.7,Not Adjusted
435263,-0.001,0,-0.005,23,Not Adjusted
456030,0.032,0.038,0.045,26.6,Not Adjusted
594824,0.012,0.024,0.021,27.8,Not Adjusted
543068,0.01,0.017,0.026,26,Not Adjusted
598265,0.029,0.032,0.057,27.4,Not Adjusted
543333,0.001,0.011,-0.007,26.2,Not Adjusted
457803,0.015,0.003,0.036,26.8,Not Adjusted
576397,0.014,0.003,0.006,25.2,Not Adjusted
475253,-0.016,-0.009,-0.049,24.1,Not Adjusted
435062,-0.021,-0.004,-0.042,26.7,Not Adjusted
516782,0.028,0.035,0.02,28.9,Not Adjusted
572821,0.048,0.033,0.069,27.8,Not Adjusted
608577,-0.004,0.005,-0.012,26.9,Not Adjusted
593934,0.012,0.024,0.006,27.8,Not Adjusted
606299,0.01,0.02,0.009,28.9,Not Adjusted
516416,0.05,0.06,0.05,28.4,Not Adjusted
425877,0.021,0.036,0.019,23.6,Not Adjusted
435079,0.035,0.023,0.056,26.8,Not Adjusted
408236,0.013,0.019,0.018,24,Not Adjusted
541645,-0.019,-0.009,-0.036,29.1,Not Adjusted
452252,-0.017,-0.015,-0.04,24.6,Not Adjusted
431145,0.001,0.01,-0.016,25.3,Not Adjusted
446386,0.031,0.023,0.058,27.9,Not Adjusted
461858,-0.009,0.005,-0.019,26.1,Not Adjusted
572204,-0.002,-0.012,0.013,28.4,Not Adjusted
346874,-0.064,-0.059,-0.103,25.5,Not Adjusted
444379,0.016,0.018,0.031,25.4,Not Adjusted
502210,0.005,0.006,-0.006,27.3,Not Adjusted
542979,0.025,0.025,0.037,29.9,Not Adjusted
649557,0.053,0.047,0.081,29.2,Not Adjusted
594828,0.028,0.015,0.035,27.2,Not Adjusted
460086,-0.014,-0.007,-0.051,26.2,Not Adjusted
430945,0.003,0.013,-0.02,28,Not Adjusted
493193,0.002,-0.008,-0.006,23.1,Not Adjusted
446308,-0.009,-0.008,-0.029,25.1,Not Adjusted
624585,0.017,0.024,0.019,27.3,Not Adjusted
624424,-0.004,-0.004,-0.003,27.3,Not Adjusted
136860,0.043,0.027,0.063,25.7,Not Adjusted
501896,0.019,0.032,0.014,27,Not Adjusted
465041,0.003,0.028,-0.005,25.6,Not Adjusted
459431,0.033,0.022,0.071,26.8,Not Adjusted
545341,0.01,0.005,-0.001,28.6,Not Adjusted
435622,0.022,0.031,0.02,28.6,Not Adjusted
594809,0.03,0.03,0.041,28.3,Not Adjusted
472528,0.037,0.035,0.046,25.6,Not Adjusted
425509,-0.006,0.005,-0.041,26.1,Not Adjusted
462101,0.031,0.031,0.056,27.5,Not Adjusted
518614,0.019,0.005,0.027,26.9,Not Adjusted
571431,0.018,0.014,-0.008,25.5,Not Adjusted
543543,0.02,0.009,0.042,27.8,Not Adjusted
488771,-0.012,-0.007,-0.027,26.7,Not Adjusted
456715,0.011,0.02,0.011,29.1,Not Adjusted
611177,-0.003,0.001,-0.014,26.4,Not Adjusted
596748,0,-0.001,-0.016,26,Not Adjusted
475174,-0.012,-0.001,-0.026,24.5,Not Adjusted
527043,0.024,0.008,0.036,28.4,Not Adjusted
453943,0.015,0.005,0.018,26.2,Not Adjusted
452678,0.035,0.029,0.037,25.5,Not Adjusted
457477,-0.033,-0.036,-0.06,27.6,Not Adjusted
434636,0.014,0.003,0.037,27.7,Not Adjusted
452655,0.004,0,0.006,27.9,Not Adjusted
425902,-0.032,-0.026,-0.044,24.2,Not Adjusted
430637,-0.006,-0.004,-0.001,27,Not Adjusted
475582,-0.03,-0.02,-0.04,27,Not Adjusted
455104,-0.025,-0.016,-0.044,25,Not Adjusted
458731,0.011,0.012,0.014,28.7,Not Adjusted
400284,0.006,-0.001,0.002,27.4,Not Adjusted
519390,-0.001,-0.002,0.001,26,Not Adjusted
608365,0.01,0.011,-0.004,28.5,Not Adjusted
466320,0.037,0.025,0.065,25.5,Not Adjusted
596059,0.031,0.026,0.045,27.7,Not Adjusted
452104,0.007,0.012,-0.005,25.7,Not Adjusted
519295,-0.021,-0.019,-0.056,27.8,Not Adjusted
457727,0.048,0.059,0.07,28.9,Not Adjusted
488862,0.023,0.036,0.022,25.5,Not Adjusted
543063,0.023,0.036,0.039,26.6,Not Adjusted
431094,0.006,0.003,-0.003,27.3,Not Adjusted
519237,0.017,0.02,0.017,25.4,Not Adjusted
543590,0.009,0.014,0.011,27.1,Not Adjusted
445988,0.032,0.026,0.043,26.6,Not Adjusted
592273,0.032,0.03,0.042,27.3,Not Adjusted
594988,0.025,0.02,0.046,28.2,Not Adjusted
572816,0.015,0.014,0.023,27.4,Not Adjusted
407893,-0.016,-0.014,-0.037,24.5,Not Adjusted
593428,0.046,0.047,0.043,28.4,Not Adjusted
527038,0.034,0.016,0.041,25.5,Not Adjusted
624577,0.018,0.023,0.027,28.1,Not Adjusted
553993,0.014,0.015,0.015,27.4,Not Adjusted
449181,0.015,0.032,0.004,29.7,Not Adjusted
453056,0.001,0.003,0.022,27.9,Not Adjusted
622110,-0.009,0.001,-0.025,27.9,Not Adjusted
453400,-0.034,-0.034,-0.074,26.2,Not Adjusted
593871,0.026,0.016,0.06,28.9,Not Adjusted
543768,0.01,0.015,0.008,26.2,Not Adjusted
489267,0.04,0.022,0.067,28.2,Not Adjusted
458675,-0.018,-0.008,-0.048,28,Not Adjusted
455117,-0.006,-0.006,-0.032,25.3,Not Adjusted
592663,0.034,0.04,0.035,28.8,Not Adjusted
425766,0.003,-0.003,0.015,24.6,Not Adjusted
571788,0.009,0.004,0.035,28.3,Not Adjusted
514917,0.037,0.041,0.061,29.6,Not Adjusted
542340,0.058,0.06,0.104,28,Not Adjusted
519306,0.01,0.025,0.002,28.8,Not Adjusted
595281,0.025,0.013,0.058,29.4,Not Adjusted
605412,0.002,0,0.011,26.3,Not Adjusted
448602,0.052,0.053,0.046,25,Not Adjusted
516770,0.016,0.017,0.026,27.5,Not Adjusted
408314,0.032,0.018,0.055,27.8,Not Adjusted
477165,-0.017,-0.014,-0.037,24.9,Not Adjusted
429666,0.012,0.017,0.01,26,Not Adjusted
460026,0.029,0.016,0.036,25.7,Not Adjusted
543760,0.021,0.018,0.019,28.4,Not Adjusted
571466,0.007,0.001,0.008,25.1,Not Adjusted
518792,-0.011,-0.012,-0.016,27.7,Not Adjusted
400085,0.028,0.033,0.052,27.8,Not Adjusted
592743,0.01,0.015,0.014,27.1,Not Adjusted
543939,0.009,0.008,0.029,27.6,Not Adjusted
500208,0.056,0.044,0.074,24.8,Not Adjusted
456078,0.029,0.036,0.038,24.9,Not Adjusted
425834,0.007,0.009,0.004,28.2,Not Adjusted
506702,0.073,0.079,0.114,25,Not Adjusted
581527,0.048,0.046,0.064,27.3,Not Adjusted
596146,0.024,0,0.069,28.2,Not Adjusted
493596,-0.008,-0.009,0.001,26.1,Not Adjusted
456488,0.036,0.043,0.043,28,Not Adjusted
521692,0.02,0.006,0.015,25.9,Not Adjusted
424825,0.013,-0.007,0.041,28.1,Not Adjusted
543510,-0.015,0.005,-0.045,26.7,Not Adjusted
502082,0.04,0.034,0.052,26.9,Not Adjusted
570731,0.033,0.024,0.047,27.5,Not Adjusted
607387,0.03,0.032,0.038,27.9,Not Adjusted
474443,-0.009,0,-0.023,25.9,Not Adjusted
457454,-0.009,0.002,-0.011,25.6,Not Adjusted
593160,0.024,0.038,0.025,29,Not Adjusted
121347,-0.027,-0.015,-0.043,23.9,Not Adjusted
571771,-0.015,-0.018,-0.037,27,Not Adjusted
445055,0.034,0.038,0.051,26.3,Not Adjusted
546318,0.054,0.061,0.073,27.3,Not Adjusted
572008,0.027,0.026,0.046,29,Not Adjusted
543434,0.027,0.023,0.037,29,Not Adjusted
607680,0.012,0.012,0.005,28.1,Not Adjusted
474568,0.021,0.019,0.029,27.6,Not Adjusted
595777,0.012,0.011,0.024,26.3,Not Adjusted
408252,0.033,0.032,0.03,26,Not Adjusted
446359,0.03,0.016,0.061,25.9,Not Adjusted
543305,-0.012,-0.008,-0.016,28.5,Not Adjusted
543213,0.004,-0.005,0.029,27.8,Not Adjusted
435559,0.023,0.018,0.039,25.6,Not Adjusted
643603,0.007,0.005,0.017,26.9,Not Adjusted
542255,0.04,0.04,0.064,27.8,Not Adjusted
588751,-0.023,-0.02,-0.029,27.6,Not Adjusted
500871,-0.01,-0.006,-0.027,27.5,Not Adjusted
541650,0.034,0.026,0.049,28.4,Not Adjusted
518595,0.001,0.011,-0.021,27,Not Adjusted
641313,0.038,0.039,0.058,28.7,Not Adjusted
425796,0.013,0.021,0.011,26.2,Not Adjusted
434658,0.025,0.017,0.032,29,Not Adjusted
519083,-0.025,-0.037,-0.029,27.6,Not Adjusted
446381,0.029,0.031,0.042,27.4,Not Adjusted
608671,0.018,0.02,0.031,29.5,Not Adjusted
430605,0.035,0.028,0.054,26.8,Not Adjusted
476704,0.009,0.023,0.003,25.3,Not Adjusted
503556,0.025,0.028,0.012,26.5,Not Adjusted
573135,0.041,0.036,0.044,28.6,Not Adjusted
592200,-0.004,-0.014,-0.012,24.5,Not Adjusted
502481,0.045,0.034,0.09,28.8,Not Adjusted
467827,0.013,0.013,0.01,26.4,Not Adjusted
547982,0.028,0.031,0.052,27.3,Not Adjusted
457787,0.024,0.023,0.015,27.7,Not Adjusted
488818,0.018,0.022,0.034,29.1,Not Adjusted
471083,0.03,0.028,0.039,23.4,Not Adjusted
458085,-0,-0.006,0.01,26.2,Not Adjusted
544369,0.051,0.033,0.091,28.1,Not Adjusted
578428,0.016,0.013,0.033,28.5,Not Adjusted
485567,0.034,0.041,0.057,28.3,Not Adjusted
595879,0.05,0.055,0.065,28.9,Not Adjusted
460576,0.03,0.023,0.023,28.9,Not Adjusted
542436,0.009,0.006,0.023,27.3,Not Adjusted
592696,0.04,0.047,0.054,28.5,Not Adjusted
543281,0.038,0.051,0.043,27.9,Not Adjusted
493114,0.061,0.063,0.099,27.3,Not Adjusted
596144,0.053,0.043,0.067,26.7,Not Adjusted
150229,-0.026,-0.022,-0.036,24.4,Not Adjusted
571697,0.053,0.05,0.095,25.4,Not Adjusted
605113,-0.016,-0.008,-0.037,28.5,Not Adjusted
572073,0.044,0.052,0.06,28.2,Not Adjusted
542454,0.005,0.019,-0.006,27.8,Not Adjusted
453923,0.012,0.016,0.027,28.2,Not Adjusted
570717,-0.009,-0.004,-0.006,27.3,Not Adjusted
456422,0.041,0.042,0.059,28.1,Not Adjusted
545350,0.002,-0.002,0.019,29.2,Not Adjusted
543228,-0.03,-0.038,-0.037,26.6,Not Adjusted
444876,0.025,0.026,0.036,27.5,Not Adjusted
520471,0.031,0.017,0.051,27.6,Not Adjusted
435064,0.018,0.023,0.04,23.9,Not Adjusted
493351,0.013,0,0.022,26.5,Not Adjusted
488721,0.041,0.033,0.077,29.6,Not Adjusted
571740,0.048,0.045,0.085,30.2,Not Adjusted
621439,0.058,0.037,0.107,30.9,Not Adjusted
606466,0.021,0.026,0.038,28.4,Not Adjusted
542208,0.004,-0.004,0.013,26.5,Not Adjusted
519184,0.005,0.003,0.018,27.3,Not Adjusted
425900,0.017,0.01,0.036,23.1,Not Adjusted
430947,0.033,0.032,0.051,27.8,Not Adjusted
542993,0.021,0.019,0.045,29.3,Not Adjusted
543829,0.065,0.072,0.095,29.7,Not Adjusted
