player_id,woba_diff,ba_diff,slg_diff,sprint_speed,year
592450,-0.011,0.003,-0.024,28,Not Adjusted
502110,0.007,0.009,0.01,27,Not Adjusted
545361,0.02,0.02,0.055,29.4,Not Adjusted
458015,0.015,0.026,0.028,24.9,Not Adjusted
500874,-0.032,-0.013,-0.071,27.6,Not Adjusted
443558,-0.012,0.007,-0.04,25.5,Not Adjusted
519317,0.014,0.009,0.038,27.8,Not Adjusted
518692,0.013,0.027,0.008,26.5,Not Adjusted
502671,0.007,0.017,0.004,26.8,Not Adjusted
457759,0.009,0.031,-0.007,25.3,Not Adjusted
519203,-0.01,-0.007,-0.008,25.7,Not Adjusted
488671,-0.025,0.001,-0.074,25,Not Adjusted
518626,0.01,0.017,0.019,26.3,Not Adjusted
429665,-0.014,-0.005,-0.022,24.4,Not Adjusted
475253,-0.014,-0.005,-0.029,24,Not Adjusted
621043,0.01,0.013,0.021,27.7,Not Adjusted
501981,-0.021,-0.008,-0.039,26.5,Not Adjusted
608369,-0.017,-0.002,-0.04,26.9,Not Adjusted
547180,0.038,0.038,0.07,27.7,Not Adjusted
572761,-0.017,-0.01,-0.026,26.6,Not Adjusted
502054,0.023,0.029,0.038,28.7,Not Adjusted
474832,-0.023,-0.015,-0.046,26.8,Not Adjusted
543807,0.001,0.004,0.006,28,Not Adjusted
624424,0.018,0.021,0.041,27.7,Not Adjusted
596142,-0.006,-0.003,-0.006,26,Not Adjusted
475582,0.016,0.019,0.027,26.8,Not Adjusted
592206,-0.029,-0.017,-0.048,28.1,Not Adjusted
408234,-0.055,-0.03,-0.119,24.8,Not Adjusted
608336,-0.003,-0.008,0.002,27.9,Not Adjusted
408045,-0.016,0.001,-0.047,26.1,Not Adjusted
592178,0.035,0.047,0.059,28.9,Not Adjusted
476704,-0.017,-0.011,-0.03,26.6,Not Adjusted
475174,0.004,0.007,0.006,24.6,Not Adjusted
425783,-0.023,-0.003,-0.049,26.2,Not Adjusted
605131,0.025,0.015,0.068,27.2,Not Adjusted
489149,0.003,0,0.015,26.7,Not Adjusted
519048,-0.034,-0.015,-0.072,25.6,Not Adjusted
542303,0.029,0.037,0.042,27.8,Not Adjusted
571448,0.036,0.035,0.067,25.6,Not Adjusted
543685,0.035,0.037,0.072,27.5,Not Adjusted
592518,-0.031,-0.02,-0.042,26.2,Not Adjusted
452252,0.005,0.029,0.011,24.8,Not Adjusted
453568,0.058,0.052,0.105,28.2,Not Adjusted
541645,0.019,0.044,0.004,29.1,Not Adjusted
502517,0.029,0.026,0.057,26.2,Not Adjusted
641355,0.024,0.02,0.056,28.9,Not Adjusted
457705,0.005,0.005,0.016,28.9,Not Adjusted
457708,0.023,0.025,0.04,28.3,Not Adjusted
467793,-0.005,-0.003,-0.002,26,Not Adjusted
608070,0.043,0.024,0.105,28,Not Adjusted
134181,0.031,0.034,0.073,24.2,Not Adjusted
592885,-0.006,0.005,-0.008,28.3,Not Adjusted
571506,0.022,0.027,0.05,24.1,Not Adjusted
570267,0.021,0.016,0.049,27.2,Not Adjusted
624577,-0.002,0.002,0.003,28.1,Not Adjusted
493316,0.019,0.027,0.027,27.5,Not Adjusted
429664,-0.016,-0.009,-0.028,24.1,Not Adjusted
553993,0.007,0.004,0.027,26.9,Not Adjusted
459964,-0.006,-0.005,0.006,26.5,Not Adjusted
453943,-0.014,-0.014,-0.018,26.6,Not Adjusted
547989,0.03,0.028,0.059,26.8,Not Adjusted
596019,0.006,0.004,0.019,28,Not Adjusted
451594,0.011,-0.002,0.044,28.1,Not Adjusted
457803,0.004,0.001,0.024,26.3,Not Adjusted
434778,-0.026,-0.014,-0.055,23.4,Not Adjusted
452234,-0.013,-0.005,-0.016,26.4,Not Adjusted
543333,0.032,0.04,0.054,27.1,Not Adjusted
461314,-0.017,-0.006,-0.038,24.8,Not Adjusted
452095,0.016,0.021,0.027,25.7,Not Adjusted
543257,-0.013,-0.017,-0.006,27.9,Not Adjusted
543305,0.022,0.026,0.055,28.5,Not Adjusted
519306,0.007,0.008,0.012,29,Not Adjusted
514888,0.065,0.075,0.102,28.4,Not Adjusted
460075,0.007,0.009,0.024,27.1,Not Adjusted
593934,0.021,0.032,0.026,26.9,Not Adjusted
434670,-0.022,-0.015,-0.045,26.1,Not Adjusted
656941,-0.007,-0.006,-0.013,26.9,Not Adjusted
457763,0.027,0.05,0.028,24.5,Not Adjusted
521692,-0.011,0,-0.022,25.5,Not Adjusted
435522,0.008,0.009,0.025,26.2,Not Adjusted
519346,0.031,0.025,0.071,27.2,Not Adjusted
456715,0.01,0.012,0.023,28.7,Not Adjusted
571431,0.009,0.009,0.023,26,Not Adjusted
572122,-0.011,-0.002,-0.014,26,Not Adjusted
446263,0.004,-0.012,0.034,25.6,Not Adjusted
594828,-0.011,-0.016,-0.006,26.6,Not Adjusted
501896,-0.01,0.011,-0.018,26,Not Adjusted
461235,-0.035,-0.023,-0.066,26.4,Not Adjusted
488726,0.007,0.016,0.018,26,Not Adjusted
571437,0.024,0.019,0.053,28.9,Not Adjusted
543510,-0.019,-0.007,-0.041,26.7,Not Adjusted
640461,-0.02,-0.005,-0.038,27.7,Not Adjusted
594988,-0.005,-0.011,0.011,28.3,Not Adjusted
457706,0.037,0.046,0.076,27.8,Not Adjusted
502210,0.019,0.03,0.052,27.7,Not Adjusted
518934,0.008,0.015,0.015,27.1,Not Adjusted
572821,0.028,0.036,0.039,27.1,Not Adjusted
572041,0.006,-0.007,0.036,28.6,Not Adjusted
543068,-0.02,-0.008,-0.037,25.8,Not Adjusted
502082,0.036,0.044,0.057,26.5,Not Adjusted
621035,0.029,0.027,0.06,29,Not Adjusted
435559,0.04,0.027,0.085,25.7,Not Adjusted
575929,0.03,0.035,0.053,27.9,Not Adjusted
456078,0.013,0.021,0.013,24.9,Not Adjusted
519058,0.014,0.011,0.038,23.8,Not Adjusted
606466,-0.012,-0.017,0.004,29.2,Not Adjusted
572039,-0.018,-0.003,-0.029,26.7,Not Adjusted
431145,-0.007,-0.008,-0.008,25.5,Not Adjusted
592626,-0.009,-0.014,-0.005,26.5,Not Adjusted
641820,0.019,0.036,0.017,27.6,Not Adjusted
645277,0.017,0.019,0.034,28.7,Not Adjusted
608324,0.021,0.017,0.049,27.6,Not Adjusted
519299,0.013,0.013,0.035,26.7,Not Adjusted
542583,0.021,0.024,0.037,24.5,Not Adjusted
455139,0.039,0.044,0.065,24.5,Not Adjusted
571875,0.023,0.019,0.059,26.9,Not Adjusted
571745,0.031,0.03,0.055,28,Not Adjusted
407812,-0.009,0.002,0,25.9,Not Adjusted
444379,-0.012,-0.014,-0.014,26.4,Not Adjusted
446359,0.064,0.045,0.151,25.9,Not Adjusted
664023,0.021,0.016,0.047,28.9,Not Adjusted
434158,0.002,-0.001,0.021,26.9,Not Adjusted
435062,0.034,0.054,0.036,26.7,Not Adjusted
452678,0.011,0.022,0.011,25.2,Not Adjusted
605141,0.012,0.004,0.041,27.9,Not Adjusted
400121,-0.024,-0.001,-0.058,22.6,Not Adjusted
570731,0.029,0.027,0.067,27.6,Not Adjusted
608384,0.018,0.023,0.044,29.1,Not Adjusted
592663,0.006,0.009,0.019,28.6,Not Adjusted
523253,-0.019,-0.004,-0.048,27.5,Not Adjusted
643217,0.007,0.02,0.01,28.3,Not Adjusted
458731,0.011,0.004,0.039,28.8,Not Adjusted
593528,-0.002,0.007,-0.013,28.5,Not Adjusted
500871,-0.005,0.002,-0.003,27.6,Not Adjusted
150029,-0.014,-0.006,-0.027,25.6,Not Adjusted
425877,-0.008,0.007,-0.014,23.7,Not Adjusted
605137,0.014,0.002,0.049,27.2,Not Adjusted
572287,0.031,0.034,0.053,26.3,Not Adjusted
435263,-0.001,-0.002,0.012,22.8,Not Adjusted
466320,-0.003,-0.001,0.009,26.2,Not Adjusted
657557,0.037,0.03,0.066,28.4,Not Adjusted
543768,0.039,0.029,0.085,25.6,Not Adjusted
571718,0.015,0.007,0.059,27.8,Not Adjusted
594777,-0.007,0.001,-0.013,26.4,Not Adjusted
448801,-0.01,-0.004,-0.013,25.1,Not Adjusted
545341,-0.006,0.003,-0.009,28.5,Not Adjusted
656305,0.011,0.012,0.026,28.7,Not Adjusted
592696,0.029,0.033,0.047,27.5,Not Adjusted
542921,0.014,0.024,0.016,28.1,Not Adjusted
543484,0.015,0.016,0.028,28.9,Not Adjusted
460576,0.023,0.021,0.048,28,Not Adjusted
493329,0.025,0.019,0.06,26.9,Not Adjusted
514917,0.027,0.037,0.042,29.4,Not Adjusted
517369,0.036,0.028,0.074,29.1,Not Adjusted
488771,-0.004,0.003,-0.012,26.2,Not Adjusted
435079,-0.006,-0.01,0,26.9,Not Adjusted
518618,0.006,0.004,0.017,27.3,Not Adjusted
607208,0.021,0.025,0.038,30.4,Not Adjusted
448602,0.04,0.044,0.061,24.5,Not Adjusted
450314,-0.015,-0.018,-0.015,27.1,Not Adjusted
445055,0.014,0.023,0.022,26.3,Not Adjusted
456030,0.015,0.023,0.029,26.1,Not Adjusted
571976,0.019,0.02,0.044,28.5,Not Adjusted
488862,0.003,0.016,-0.008,25.4,Not Adjusted
576397,0.029,0.042,0.051,25.1,Not Adjusted
452655,0.01,0.003,0.034,27.5,Not Adjusted
593160,0.018,0.026,0.023,29.2,Not Adjusted
455976,0.007,0.013,0.011,25.9,Not Adjusted
455104,0.053,0.042,0.122,25.9,Not Adjusted
527038,0.018,0.015,0.044,25.7,Not Adjusted
452104,0.017,0.028,0.025,25.3,Not Adjusted
465041,0.003,0.013,0.003,25.2,Not Adjusted
405395,-0.026,-0.017,-0.053,21.8,Not Adjusted
503556,0.071,0.063,0.137,26.7,Not Adjusted
452254,-0.008,0.014,-0.03,28.6,Not Adjusted
598265,0.002,0.011,0.004,27.5,Not Adjusted
400284,0.005,0.007,0.017,27.6,Not Adjusted
435063,-0.009,-0.005,-0.017,25.2,Not Adjusted
624428,0.012,0.009,0.033,27.5,Not Adjusted
543939,0.027,0.029,0.055,27.5,Not Adjusted
453056,0.013,0.012,0.039,28,Not Adjusted
608577,0.008,0.014,0.013,27,Not Adjusted
456665,0.014,0.012,0.029,26.9,Not Adjusted
472528,-0.001,0.002,0.021,23.6,Not Adjusted
592387,0.012,0.022,0.011,26.6,Not Adjusted
502100,0.026,0.022,0.046,28.3,Not Adjusted
571697,0.06,0.05,0.11,26.4,Not Adjusted
430945,0.027,0.032,0.043,27,Not Adjusted
518792,0.003,0.009,0.013,27,Not Adjusted
594824,0.01,0.012,0.015,27.6,Not Adjusted
543543,-0.013,-0.003,-0.019,27.7,Not Adjusted
572816,0.034,0.033,0.058,27.6,Not Adjusted
446334,0.006,0.017,0.019,27.1,Not Adjusted
543760,0.008,0.014,0.024,28.5,Not Adjusted
516416,0.029,0.04,0.041,27.1,Not Adjusted
500743,0.014,0.016,0.037,27,Not Adjusted
516782,0.008,0.029,-0.006,28.9,Not Adjusted
543281,0.028,0.026,0.05,27.6,Not Adjusted
607680,-0.002,-0.006,0.012,27.8,Not Adjusted
553882,0.019,0.024,0.03,25.3,Not Adjusted
571466,0.015,0.013,0.024,25.2,Not Adjusted
592273,0.023,0.019,0.044,27.2,Not Adjusted
518960,0.009,0.015,0.021,25.1,Not Adjusted
518595,0.006,0.002,0.025,26.7,Not Adjusted
605548,-0.003,0.011,-0.009,30,Not Adjusted
543401,-0.002,0.003,0.009,27.2,Not Adjusted
467827,0.036,0.046,0.059,26.4,Not Adjusted
462101,0.043,0.041,0.078,27.3,Not Adjusted
605412,0.028,0.039,0.056,26,Not Adjusted
622194,-0.005,0.009,-0.02,23.8,Not Adjusted
444482,0.042,0.046,0.07,27.4,Not Adjusted
571602,-0.003,0.008,-0.005,25.5,Not Adjusted
430832,-0.005,-0.002,-0.008,25.5,Not Adjusted
608365,0.006,-0.002,0.026,28.2,Not Adjusted
592669,0.017,0.011,0.038,27.2,Not Adjusted
543063,0.003,0.017,0.015,25.9,Not Adjusted
516770,0.041,0.05,0.058,27.5,Not Adjusted
546991,0.037,0.043,0.062,27.7,Not Adjusted
444489,0.026,0.034,0.031,25.7,Not Adjusted
542979,0.011,0.007,0.023,29.9,Not Adjusted
573627,0.027,0.028,0.043,25.1,Not Adjusted
570256,0,0,0.007,27.2,Not Adjusted
571771,0.014,0.004,0.05,27.4,Not Adjusted
592743,0.028,0.028,0.056,27.5,Not Adjusted
596146,0.02,0.006,0.059,28,Not Adjusted
596115,0.028,0.024,0.052,29.3,Not Adjusted
622666,0.036,0.038,0.061,26.7,Not Adjusted
546318,0.035,0.035,0.062,27.3,Not Adjusted
519184,-0.01,-0.009,-0.006,27.6,Not Adjusted
471865,0.033,0.036,0.062,26.9,Not Adjusted
502143,0.017,0.02,0.034,27,Not Adjusted
545350,0.049,0.05,0.084,29.2,Not Adjusted
455759,0.016,0.008,0.046,27.6,Not Adjusted
444432,0.001,0.003,0.002,26.5,Not Adjusted
572191,0.045,0.046,0.075,28.9,Not Adjusted
594807,0.034,0.03,0.072,27.9,Not Adjusted
596748,-0.001,-0.007,0.028,26,Not Adjusted
408252,0.024,0.021,0.045,25.9,Not Adjusted
592325,0.023,0.026,0.041,28.4,Not Adjusted
474568,0.016,0.008,0.04,27.5,Not Adjusted
457727,0.008,0.006,0.03,28.7,Not Adjusted
547379,-0.003,-0.007,0.009,24.8,Not Adjusted
571830,0.014,0.009,0.04,25.3,Not Adjusted
485567,0.044,0.057,0.062,28.1,Not Adjusted
588751,0.005,0.001,0.02,28.1,Not Adjusted
621020,-0.014,-0.005,-0.011,28.7,Not Adjusted
519390,0.01,0.008,0.03,25.5,Not Adjusted
622534,0.021,0.018,0.057,29.4,Not Adjusted
460086,-0.019,-0.009,-0.034,26.2,Not Adjusted
607345,0.012,0.024,0.014,26.6,Not Adjusted
606299,-0.014,-0.009,-0.026,28.9,Not Adjusted
493114,0.029,0.028,0.061,27.1,Not Adjusted
595879,0.04,0.043,0.063,28.5,Not Adjusted
621439,0.026,0.029,0.042,30.6,Not Adjusted
408314,0.026,0.012,0.073,27.4,Not Adjusted
543302,-0.014,-0.017,-0.017,27.1,Not Adjusted
544369,0.049,0.035,0.105,28.2,Not Adjusted
460026,0.004,0.008,0.016,26,Not Adjusted
519222,-0.035,-0.026,-0.057,26.5,Not Adjusted
600301,-0.031,-0.036,-0.032,26.8,Not Adjusted
594694,0.009,0.016,0.013,29.1,Not Adjusted
593871,0.026,0.025,0.059,28.5,Not Adjusted
543228,0.024,0.029,0.039,26.8,Not Adjusted
446308,-0.01,-0.002,-0.018,24.8,Not Adjusted
519237,0.021,0.023,0.043,24.9,Not Adjusted
544725,0.035,0.029,0.076,28.6,Not Adjusted
518614,0.036,0.035,0.072,27.2,Not Adjusted
543877,0.037,0.04,0.057,25.9,Not Adjusted
541650,0.017,0.012,0.045,28.4,Not Adjusted
502481,0.015,0.015,0.036,28.2,Not Adjusted
408236,-0.007,0.011,-0.024,23.6,Not Adjusted
542255,0.048,0.052,0.073,27.1,Not Adjusted
500208,0.031,0.028,0.064,24.7,Not Adjusted
461865,-0.006,-0.005,-0.002,27.2,Not Adjusted
543376,0.02,0.019,0.035,25.9,Not Adjusted
453064,0.013,0.018,0.017,25.6,Not Adjusted
570560,0.035,0.034,0.067,28.5,Not Adjusted
605486,0.035,0.042,0.051,28.7,Not Adjusted
628338,0.01,0.014,0.02,28.7,Not Adjusted
518735,0.048,0.044,0.087,24,Not Adjusted
461858,-0.019,-0.015,-0.029,26.9,Not Adjusted
520471,0.023,0.025,0.037,27.3,Not Adjusted
491676,0.014,0.028,0.015,29.1,Not Adjusted
136860,0.009,0.013,0.028,25.3,Not Adjusted
467055,-0.003,0.01,-0.008,25.3,Not Adjusted
606115,0.036,0.04,0.061,27.3,Not Adjusted
641319,0.035,0.045,0.044,27.1,Not Adjusted
456488,0.071,0.068,0.12,27.8,Not Adjusted
453923,0.039,0.053,0.06,28.9,Not Adjusted
455117,0.01,0.016,0.011,24.8,Not Adjusted
595281,0.069,0.068,0.114,29.3,Not Adjusted
621002,0.017,0.03,0.035,27.5,Not Adjusted
641313,0.022,0.023,0.031,28.8,Not Adjusted
578428,0.017,0.005,0.048,27.8,Not Adjusted
596059,0.006,-0.004,0.027,28.1,Not Adjusted
593428,0.056,0.053,0.106,28.3,Not Adjusted
501571,0.022,0.026,0.035,28.6,Not Adjusted
595375,0.007,0.021,0.018,28.1,Not Adjusted
434658,0.017,0.014,0.033,29.6,Not Adjusted
592261,0.054,0.073,0.078,30.1,Not Adjusted
649557,0.032,0.027,0.059,28.6,Not Adjusted
444876,0.01,0.01,0.019,27.6,Not Adjusted
430947,0.023,0.018,0.049,26.6,Not Adjusted
429666,-0.008,-0.005,-0.012,26.1,Not Adjusted
572365,0.021,0.031,0.053,26.6,Not Adjusted
572008,0.059,0.047,0.116,28.4,Not Adjusted
543829,0.059,0.069,0.085,29.4,Not Adjusted
547172,0.021,0.034,0.022,26.4,Not Adjusted
506702,0.026,0.025,0.059,23.8,Not Adjusted
542340,0.035,0.038,0.057,27.9,Not Adjusted
435622,0.055,0.061,0.086,27.7,Not Adjusted
572073,0.02,0.021,0.038,28.4,Not Adjusted
571740,0.03,0.023,0.063,30.2,Not Adjusted
446381,0.016,0.009,0.038,27.4,Not Adjusted
595978,0.031,0.022,0.062,26.4,Not Adjusted
591720,0.054,0.062,0.088,28.3,Not Adjusted
457787,-0.01,0,-0.017,27.5,Not Adjusted
605480,0.062,0.069,0.098,30.1,Not Adjusted
641553,-0.003,-0.007,0.005,30.5,Not Adjusted
573135,-0.004,0,-0.007,28.1,Not Adjusted
489267,0.037,0.034,0.073,28.3,Not Adjusted
