player_id,woba_diff,ba_diff,slg_diff,sprint_speed,year
545361,-0.015,-0.011,-0.016,29.3,Not Adjusted
592885,0.018,0.019,0.048,28.7,Not Adjusted
641355,-0.01,-0.009,0.003,28.8,Not Adjusted
435062,-0.018,0.013,-0.041,25.3,Not Adjusted
443558,0.004,0.023,0.004,25.3,Not Adjusted
543685,0.001,0.011,0.01,26.7,Not Adjusted
605141,-0.028,-0.011,-0.046,27.9,Not Adjusted
665742,-0.013,0,-0.024,27.3,Not Adjusted
518692,-0.005,0.006,-0.013,26.5,Not Adjusted
660670,-0.025,-0.001,-0.058,29.4,Not Adjusted
502110,-0.004,0.009,0,26.7,Not Adjusted
543807,0.01,0.017,0.027,28.5,Not Adjusted
624585,-0.013,-0.007,-0.018,27,Not Adjusted
519203,0.007,0.001,0.038,25.2,Not Adjusted
547180,-0.018,-0.01,-0.032,28.3,Not Adjusted
518626,-0.006,-0.001,-0.007,25.7,Not Adjusted
621566,-0.014,-0.006,-0.023,26.2,Not Adjusted
605204,-0.008,0,-0.011,26.2,Not Adjusted
605137,-0.001,-0.001,0.02,26.8,Not Adjusted
571970,-0.007,-0.009,0.007,27.7,Not Adjusted
606466,0.032,0.031,0.068,27.9,Not Adjusted
640457,0.007,0.011,0.013,28.2,Not Adjusted
624413,0.011,0.008,0.04,26.5,Not Adjusted
656941,-0.015,-0.01,-0.018,27.1,Not Adjusted
457759,-0.001,0.008,0,26.1,Not Adjusted
624424,-0.013,-0.005,-0.012,27.5,Not Adjusted
608324,0.049,0.036,0.146,27.4,Not Adjusted
542303,-0.032,-0.035,-0.041,27.5,Not Adjusted
518934,0.009,0.023,0.012,26.7,Not Adjusted
467793,0.014,0.018,0.039,25.7,Not Adjusted
596142,-0.02,-0.013,-0.032,25.5,Not Adjusted
475253,-0.043,-0.038,-0.081,23.4,Not Adjusted
453568,0.023,0.019,0.046,26.7,Not Adjusted
596847,-0.016,0.003,-0.031,25.4,Not Adjusted
572233,-0.017,-0.002,-0.039,27.2,Not Adjusted
518735,-0.002,0.009,0,24.2,Not Adjusted
429665,-0.001,0.002,0.015,24.8,Not Adjusted
543068,-0.037,-0.017,-0.074,26.1,Not Adjusted
592206,-0.003,0.014,-0.01,27.9,Not Adjusted
572228,-0,0.019,-0.023,25.7,Not Adjusted
614177,-0.022,-0.011,-0.025,26.6,Not Adjusted
646240,0.018,0.021,0.039,27,Not Adjusted
641820,0.014,0.017,0.035,26.7,Not Adjusted
592192,0.028,0.032,0.059,27.6,Not Adjusted
425783,-0.005,0.005,-0.014,26.6,Not Adjusted
502054,-0.006,0.002,-0.006,28.7,Not Adjusted
502671,-0.01,0.008,-0.026,26.6,Not Adjusted
660162,0.025,0.038,0.035,27.7,Not Adjusted
600303,-0.009,0.002,0.007,25.7,Not Adjusted
547989,-0.01,0.008,-0.009,26.6,Not Adjusted
650490,-0.013,-0.009,-0.007,26.5,Not Adjusted
668804,0.018,0.027,0.037,28.1,Not Adjusted
543760,0.02,0.024,0.042,28.1,Not Adjusted
656305,0.002,0.005,0.013,28.1,Not Adjusted
516782,0.003,0.01,0.013,29,Not Adjusted
446334,-0.028,-0.014,-0.052,26.4,Not Adjusted
621020,-0.033,-0.019,-0.054,28.7,Not Adjusted
593428,0.041,0.043,0.087,28.1,Not Adjusted
455976,-0.017,-0.012,-0.008,26,Not Adjusted
553993,0.032,0.03,0.081,25.9,Not Adjusted
488726,0.019,0.026,0.043,26.4,Not Adjusted
643446,0.037,0.038,0.07,27.2,Not Adjusted
660271,0.004,0.009,0.02,28.3,Not Adjusted
519058,0.001,-0.003,0.018,25.6,Not Adjusted
572122,-0.015,-0.016,-0.013,26.4,Not Adjusted
645277,0.008,0.013,0.019,28.6,Not Adjusted
592178,0.033,0.038,0.064,28.2,Not Adjusted
500874,-0.023,-0.002,-0.056,26.1,Not Adjusted
650391,-0.003,0.005,0,27.8,Not Adjusted
474832,-0.027,-0.006,-0.051,24.7,Not Adjusted
592518,-0.01,-0.007,-0.004,26.4,Not Adjusted
542454,0.008,0.008,0.032,27.8,Not Adjusted
596129,-0.01,-0.015,0.002,23.9,Not Adjusted
643265,-0.005,0.014,-0.018,27.2,Not Adjusted
575929,0.026,0.03,0.057,27.8,Not Adjusted
592626,0.02,0.005,0.066,26.2,Not Adjusted
571448,0.051,0.046,0.104,25.9,Not Adjusted
541645,-0.007,0.013,-0.026,28.9,Not Adjusted
458015,-0.009,0.008,-0.025,25,Not Adjusted
570482,0.029,0.036,0.047,26.3,Not Adjusted
573262,0.013,0.022,0.017,27.5,Not Adjusted
592663,0,0.005,0.028,28.7,Not Adjusted
435522,-0.02,-0.004,-0.032,25.5,Not Adjusted
608070,-0.005,-0.008,0.023,27.9,Not Adjusted
596146,0.016,-0.003,0.067,27.7,Not Adjusted
657656,0.018,0.023,0.043,28.5,Not Adjusted
656555,0.008,0.012,0.039,25.9,Not Adjusted
621311,0.027,0.037,0.039,28.2,Not Adjusted
607208,0.019,0.022,0.045,30.4,Not Adjusted
596115,0.043,0.034,0.089,29.3,Not Adjusted
641531,0.023,0.021,0.056,28.3,Not Adjusted
643217,-0.007,0.006,-0.021,27.1,Not Adjusted
605119,0.005,0.011,0.017,27,Not Adjusted
608385,0.015,0.005,0.052,25.6,Not Adjusted
435622,-0.008,-0.012,0,27.5,Not Adjusted
570267,-0.011,0.01,-0.025,26.8,Not Adjusted
451594,-0.01,-0.008,-0.007,27.7,Not Adjusted
593871,0.017,0.03,0.031,28.2,Not Adjusted
650402,0.024,0.025,0.055,26.5,Not Adjusted
518595,-0.02,-0.009,-0.019,26.8,Not Adjusted
514888,0.041,0.041,0.084,28.6,Not Adjusted
657077,0.008,0.01,0.024,27.4,Not Adjusted
460075,0.018,0.025,0.044,26.6,Not Adjusted
594777,-0.004,-0.004,0.008,25.9,Not Adjusted
650333,0.028,0.051,0.037,26.9,Not Adjusted
608577,-0.005,0.008,-0.005,26.5,Not Adjusted
600524,-0.009,-0.007,-0.009,27.1,Not Adjusted
456715,-0.027,-0.02,-0.033,27.9,Not Adjusted
572821,0,0.005,0.006,26.9,Not Adjusted
596019,0.021,0.016,0.061,27.5,Not Adjusted
429664,-0.02,-0.021,-0.017,24.6,Not Adjusted
642133,-0.02,-0.018,-0.016,24.8,Not Adjusted
669242,0.03,0.024,0.063,29.4,Not Adjusted
595879,0.02,0.025,0.036,28.7,Not Adjusted
608369,0.013,0.02,0.031,26.9,Not Adjusted
408234,-0.008,0.017,-0.03,23.5,Not Adjusted
665489,0.003,0.018,0,26.3,Not Adjusted
460086,-0.007,0.015,-0.021,25.3,Not Adjusted
500871,0.017,0.017,0.05,27.6,Not Adjusted
543257,-0.025,-0.02,-0.029,27.5,Not Adjusted
657557,-0.002,0.002,0.007,27.7,Not Adjusted
553882,0.022,0.026,0.043,24.2,Not Adjusted
543510,0.01,0.017,0.014,26.2,Not Adjusted
641857,0.007,0.009,0.022,26.4,Not Adjusted
592696,0.007,0.021,0.013,27.1,Not Adjusted
594809,0.021,0.031,0.034,28.3,Not Adjusted
595751,-0.009,0.014,-0.032,28.9,Not Adjusted
641432,0.031,0.017,0.089,26.4,Not Adjusted
503556,-0.007,0.005,-0.018,25.7,Not Adjusted
605113,-0.005,-0.001,0.012,28.2,Not Adjusted
595777,-0.019,-0.025,-0.009,26.7,Not Adjusted
641313,0.044,0.054,0.059,28.7,Not Adjusted
519346,0.035,0.03,0.084,26.7,Not Adjusted
621514,-0.025,-0.012,-0.045,26.8,Not Adjusted
642715,-0.005,0.007,-0.015,28.3,Not Adjusted
518792,0.01,0.002,0.041,27.4,Not Adjusted
593160,0.023,0.028,0.04,28.6,Not Adjusted
624577,0.013,0.021,0.022,28.2,Not Adjusted
572761,-0.002,0.013,-0.005,26,Not Adjusted
452678,0.015,0.024,0.036,25.4,Not Adjusted
547379,0.01,0.021,0.014,24.3,Not Adjusted
623993,0.006,0.005,0.02,27.5,Not Adjusted
430945,-0.007,0.005,-0.015,26.9,Not Adjusted
596059,-0.013,-0.011,-0.016,27.9,Not Adjusted
467092,0.013,0.028,0.02,22.8,Not Adjusted
664068,0.015,0.014,0.042,29.1,Not Adjusted
571976,0.002,0.013,-0.006,28.4,Not Adjusted
493329,0.051,0.025,0.137,27.6,Not Adjusted
642708,0.005,0.008,0.021,29.2,Not Adjusted
425877,-0.01,0.008,-0.023,22.5,Not Adjusted
572039,-0.007,0.007,-0.01,25.9,Not Adjusted
405395,-0.005,-0.001,0.01,22.5,Not Adjusted
664058,0.006,0.007,0.023,27.6,Not Adjusted
624428,0.008,0.01,0.023,27.2,Not Adjusted
516770,-0.005,0.004,0.003,26.9,Not Adjusted
543401,-0.011,-0.007,-0.003,26.8,Not Adjusted
598265,0.002,0.003,0.013,27.6,Not Adjusted
501981,-0.023,-0.007,-0.041,25.7,Not Adjusted
592669,0.008,-0.003,0.034,27.1,Not Adjusted
606192,0.014,0.017,0.027,29.2,Not Adjusted
643376,-0.036,-0.035,-0.054,27.4,Not Adjusted
592567,0.005,0.021,-0.001,25.4,Not Adjusted
542340,0.025,0.033,0.048,28,Not Adjusted
570731,0.014,0.009,0.039,27.4,Not Adjusted
453943,0.018,0.019,0.039,25.2,Not Adjusted
502210,-0.002,0.009,0.023,26.7,Not Adjusted
457763,-0.01,0.011,-0.038,24.1,Not Adjusted
519299,0.035,0.025,0.084,26.3,Not Adjusted
543877,0.025,0.032,0.045,25.7,Not Adjusted
592273,-0.035,-0.027,-0.041,26.8,Not Adjusted
543333,0.004,0.014,0.012,25.7,Not Adjusted
516416,0.011,0.018,0.027,27.6,Not Adjusted
462101,-0.003,0.011,0.005,26.6,Not Adjusted
543063,-0.022,-0.007,-0.041,25.7,Not Adjusted
623912,0.006,0.013,0.014,29,Not Adjusted
640458,0.019,0.017,0.052,29.6,Not Adjusted
605412,-0.018,-0.004,-0.033,25.4,Not Adjusted
571771,-0.001,0.001,0.016,27.4,Not Adjusted
500743,0.004,0.016,0.012,26.3,Not Adjusted
444482,0.037,0.031,0.084,26.9,Not Adjusted
592348,0.014,0.015,0.038,29,Not Adjusted
650859,-0.003,0.009,0.005,28.1,Not Adjusted
641525,0.004,0.019,0.006,28.6,Not Adjusted
545341,0.008,0,0.036,28.1,Not Adjusted
514917,0.017,0.02,0.04,28.7,Not Adjusted
669222,0.013,0.024,0.034,29.5,Not Adjusted
621028,0.042,0.042,0.081,28.5,Not Adjusted
571718,0.035,0.037,0.074,28,Not Adjusted
607680,0.002,0.001,0.025,28,Not Adjusted
596748,-0.014,-0.008,-0.007,25.3,Not Adjusted
621035,0.037,0.034,0.087,28.7,Not Adjusted
466320,0.008,0.006,0.025,25.9,Not Adjusted
593643,0.026,0.034,0.041,26.9,Not Adjusted
595281,-0.008,-0.011,0.006,29.5,Not Adjusted
547004,0.003,0.004,0.023,25.9,Not Adjusted
641487,0.005,-0.004,0.04,27.4,Not Adjusted
641343,0.005,0.008,0.023,27.7,Not Adjusted
543939,0.044,0.05,0.08,27.6,Not Adjusted
502517,0.036,0.031,0.085,25.7,Not Adjusted
458731,0.054,0.025,0.146,28.9,Not Adjusted
645302,0.028,0.028,0.056,29.3,Not Adjusted
606132,0.021,0.023,0.041,28.6,Not Adjusted
596105,0.013,0.009,0.048,26.1,Not Adjusted
547172,0.005,0.016,0.011,26.1,Not Adjusted
606299,-0.012,-0.015,0,28.1,Not Adjusted
572033,0.008,-0.003,0.045,25.8,Not Adjusted
544369,0.018,0.008,0.06,27.7,Not Adjusted
546991,-0.008,-0.011,0.002,28.4,Not Adjusted
609275,0.02,0.035,0.049,30,Not Adjusted
553869,-0.013,0.002,-0.019,26.1,Not Adjusted
520471,0.031,0.028,0.06,25.8,Not Adjusted
605612,0.018,0.038,0.019,27.2,Not Adjusted
578428,0.033,0.035,0.062,27.1,Not Adjusted
622534,0.023,0.017,0.062,29.1,Not Adjusted
502481,0.01,0.012,0.029,28.4,Not Adjusted
606115,-0.002,0.008,0.007,26.3,Not Adjusted
570560,0.012,0.026,0.012,27.7,Not Adjusted
544725,0.027,0.041,0.032,28.5,Not Adjusted
592261,0.029,0.039,0.04,29.5,Not Adjusted
592743,0.025,0.03,0.047,26.3,Not Adjusted
543829,0.032,0.038,0.065,28.5,Not Adjusted
605480,0.028,0.033,0.059,29.5,Not Adjusted
670032,0.026,0.027,0.055,28.5,Not Adjusted
