player_id,woba_diff,ba_diff,slg_diff,sprint_speed,year
665742,0.004,0.019,-0.001,26.2,Adjusted
518692,-0.005,0.003,-0.017,26.4,Adjusted
547180,-0.053,-0.04,-0.116,27.9,Adjusted
542303,0.009,0.025,0.001,27.1,Adjusted
608369,-0.033,-0.019,-0.062,27,Adjusted
474832,0.005,0.022,-0.006,25.3,Adjusted
545361,-0.014,-0.006,0,28.9,Adjusted
660670,-0.008,-0.007,-0.018,29.2,Adjusted
665487,-0.027,-0.02,-0.043,29.4,Adjusted
596103,-0.021,-0.021,-0.034,27.8,Adjusted
519317,-0.036,-0.05,-0.044,25.7,Adjusted
669257,0.004,-0.004,0.04,27.8,Adjusted
521692,0.009,0.014,0.015,25.1,Adjusted
543807,-0.024,-0.026,-0.023,28.2,Adjusted
547989,0.013,0.018,0.03,26.8,Adjusted
457759,-0.022,0.011,-0.088,25.4,Adjusted
606192,-0.016,-0.005,-0.032,28.3,Adjusted
502671,-0.011,0.019,-0.044,26.4,Adjusted
630105,-0.04,-0.036,-0.061,28.7,Adjusted
608385,0.002,-0.008,0.023,26.4,Adjusted
571976,0.008,0.006,0.022,28.3,Adjusted
642086,0.023,0.015,0.053,25.9,Adjusted
572228,0.005,-0.002,0.026,24.9,Adjusted
543685,0.008,0,0.03,26.4,Adjusted
545358,-0.015,0.011,-0.028,26.5,Adjusted
578428,0.023,0.017,0.058,27.1,Adjusted
592518,0.007,0.001,0.038,26.4,Adjusted
643265,-0.018,-0.02,-0.018,25.9,Adjusted
518595,0.01,0.023,0,26.3,Adjusted
664040,0.003,0.008,0.004,27.4,Adjusted
518792,-0.013,-0.022,0.005,27,Adjusted
607208,0.034,0.036,0.079,30.1,Adjusted
656555,0.004,0.01,-0.001,25.7,Adjusted
443558,0.034,0.037,0.055,25.2,Adjusted
570482,-0.012,-0.013,0.002,25,Adjusted
543543,-0.028,-0.02,-0.03,27.3,Adjusted
624424,0.026,0.037,0.033,26.8,Adjusted
408234,-0.052,-0.036,-0.098,23.1,Adjusted
592885,-0.032,-0.043,-0.039,28.1,Adjusted
592450,-0.003,-0.003,0.019,26.7,Adjusted
594777,-0.011,-0.033,0.017,25.9,Adjusted
543305,-0.021,-0.029,-0.018,27.5,Adjusted
608070,0.044,0.029,0.102,27.2,Adjusted
592206,-0.042,-0.048,-0.056,27.7,Adjusted
621035,-0.006,-0.001,-0.013,28.4,Adjusted
641355,-0.032,-0.041,-0.032,28.6,Adjusted
458015,-0.022,-0.027,-0.032,25.2,Adjusted
650391,0.005,0.014,0.015,27.2,Adjusted
467793,-0.052,-0.051,-0.095,25.5,Adjusted
573262,0.04,0.043,0.076,27.5,Adjusted
543333,-0.007,-0.001,-0.005,25.6,Adjusted
663757,-0.018,-0.014,-0.026,29.1,Adjusted
650489,0.028,0.042,0.038,28.2,Adjusted
572122,-0.026,-0.011,-0.039,25.4,Adjusted
663647,0.101,0.082,0.196,28,Adjusted
640449,0.025,0.021,0.064,27.5,Adjusted
571970,-0.047,-0.041,-0.088,27.3,Adjusted
446334,-0.054,-0.026,-0.097,26.6,Adjusted
518934,0.068,0.056,0.137,26.1,Adjusted
543281,-0.026,-0.026,-0.037,26.8,Adjusted
543592,-0.008,-0.007,0.005,26.3,Adjusted
605141,0.031,0.011,0.081,28.3,Adjusted
623993,0.006,-0.026,0.059,26.8,Adjusted
664023,0.011,0,0.041,27.1,Adjusted
664761,0.024,0.053,0.014,27.3,Adjusted
641313,0.019,0.031,0.023,28.7,Adjusted
650333,-0.022,0.011,-0.051,26.5,Adjusted
576397,-0.006,-0.001,-0.001,23.9,Adjusted
605204,-0.018,-0.009,-0.039,27.2,Adjusted
664034,0.006,0.018,-0.016,25.2,Adjusted
666182,-0.003,0.009,-0.02,27.7,Adjusted
642133,0.013,0.01,0.048,25.3,Adjusted
607043,0.032,0.033,0.065,28,Adjusted
592663,0.006,0.02,-0.007,28.2,Adjusted
457705,-0.028,-0.02,-0.046,27.4,Adjusted
592192,-0.004,0.008,-0.003,27.6,Adjusted
543105,0.041,0.032,0.085,27,Adjusted
600869,0.02,0.021,0.034,26.9,Adjusted
664238,0.015,0.006,0.035,27.7,Adjusted
624585,-0.025,-0.015,-0.044,26.5,Adjusted
429664,0.024,0.019,0.063,24.8,Adjusted
621020,-0.004,0.008,-0.008,28.5,Adjusted
575929,-0.016,-0.006,-0.034,27.3,Adjusted
519203,-0.026,-0.043,0.003,24.8,Adjusted
488771,-0.058,-0.049,-0.11,26.6,Adjusted
643376,-0.052,-0.061,-0.078,27.2,Adjusted
502054,-0.066,-0.048,-0.136,28.2,Adjusted
573131,0.03,0.026,0.064,25.7,Adjusted
665120,0.045,0.025,0.103,26.5,Adjusted
666915,0.052,0.066,0.071,26.8,Adjusted
592567,-0.008,-0.006,-0.008,24.2,Adjusted
669221,0.01,0.016,0.017,25.6,Adjusted
600303,0.009,0.008,0.029,25.4,Adjusted
572041,0.018,0.005,0.067,28.2,Adjusted
666971,0.027,0.028,0.05,26.3,Adjusted
542583,0.002,0.006,0.004,24.5,Adjusted
596019,-0.021,-0.02,-0.024,27.4,Adjusted
518626,0.018,0.012,0.056,24.9,Adjusted
641786,0.006,0.024,0.006,27.9,Adjusted
656305,-0.008,-0.009,0,27.5,Adjusted
543510,0.036,0.033,0.081,26.1,Adjusted
614177,0.001,0.03,0.011,26.2,Adjusted
594807,0.008,0.01,0.018,28,Adjusted
425783,-0.028,-0.018,-0.055,25.9,Adjusted
657656,-0.025,-0.022,-0.042,27.9,Adjusted
593428,0.029,0.043,0.031,27.7,Adjusted
460075,-0.022,-0.039,0.014,26.1,Adjusted
596146,-0.01,-0.028,0.017,28.1,Adjusted
553993,-0.006,-0.011,0.003,25.9,Adjusted
593160,-0.007,-0.01,0.001,28.4,Adjusted
572233,0.003,0.007,0.007,26.9,Adjusted
606115,-0.019,-0.019,-0.009,26.2,Adjusted
621566,-0.02,-0.026,-0.023,25.9,Adjusted
621466,0.017,0.001,0.063,26.4,Adjusted
643446,0.025,0.035,0.049,27.1,Adjusted
543228,-0.003,0.004,0.01,26,Adjusted
519048,0.037,0.029,0.075,24.2,Adjusted
600474,-0.023,-0.017,-0.039,26.7,Adjusted
592626,-0.04,-0.046,-0.053,26.5,Adjusted
656941,-0.028,-0.032,-0.041,26.9,Adjusted
595777,0.001,-0.001,0.022,27,Adjusted
596115,0.037,0.037,0.064,28.9,Adjusted
608324,0.012,-0.01,0.06,27,Adjusted
663586,-0.026,-0.019,-0.048,26.8,Adjusted
435062,-0.034,-0.007,-0.065,24.8,Adjusted
621439,0.013,0.007,0.033,30,Adjusted
519058,0.008,-0.01,0.038,24.9,Adjusted
596129,-0.015,-0.018,-0.017,24.1,Adjusted
572761,-0.039,-0.028,-0.09,25.6,Adjusted
663656,0.018,0.003,0.058,27.6,Adjusted
665489,0.007,0.002,0.025,25.3,Adjusted
650402,-0.005,0,-0.013,26.4,Adjusted
660271,-0.041,-0.044,-0.057,28.8,Adjusted
500743,0.049,0.029,0.115,26.5,Adjusted
514917,0.004,0.01,0.012,28.5,Adjusted
545341,0.004,0.007,0.018,27.7,Adjusted
592325,-0.017,-0.03,-0.003,26.7,Adjusted
643393,-0.021,-0.009,-0.048,26.6,Adjusted
624413,0.014,0.009,0.031,26.2,Adjusted
641531,-0.002,-0.005,0.009,28,Adjusted
457708,-0.021,-0.024,-0.008,26.9,Adjusted
623520,-0.019,-0.033,-0.011,27.6,Adjusted
663624,0.05,0.067,0.062,28,Adjusted
453568,0.013,0.027,0.019,26.8,Adjusted
622682,-0.02,-0.009,-0.037,27.9,Adjusted
518735,0.011,0.023,0.019,23.5,Adjusted
458731,0.005,-0.003,0.022,28.2,Adjusted
571875,-0.046,-0.044,-0.075,26.7,Adjusted
646240,0.011,0.008,0.025,26.5,Adjusted
664056,0.011,0.027,0.021,29.5,Adjusted
642082,0.009,0.02,0.002,24.2,Adjusted
488726,0.037,0.04,0.063,26.2,Adjusted
642162,0.012,0.014,0.017,27.2,Adjusted
543257,0.026,0.002,0.085,27.5,Adjusted
673357,-0.012,0.01,-0.026,29.1,Adjusted
595281,-0.024,-0.032,-0.015,29.3,Adjusted
660294,-0.016,-0.014,-0.026,25.8,Adjusted
572191,-0.037,-0.033,-0.056,28.2,Adjusted
650490,0.044,0.064,0.066,26,Adjusted
607680,0.018,0.02,0.033,27.8,Adjusted
542932,0.014,0.017,0.034,29.2,Adjusted
605119,0.025,0.028,0.038,26.4,Adjusted
543768,-0.013,-0.002,-0.025,25,Adjusted
571980,-0.055,-0.046,-0.086,26.9,Adjusted
593934,-0.006,-0.01,-0.002,26.5,Adjusted
456781,0.036,0.046,0.045,26.6,Adjusted
516782,0.012,0.019,0.013,28.5,Adjusted
592444,0.037,0.028,0.09,27,Adjusted
461314,0.001,0.013,-0.011,25.9,Adjusted
457803,-0.024,-0.039,-0.003,25.1,Adjusted
605412,-0.024,-0.019,-0.045,26.4,Adjusted
501981,-0.036,-0.021,-0.078,25.5,Adjusted
643289,-0.002,0.018,-0.013,27.9,Adjusted
669256,-0.021,0.004,-0.044,28.6,Adjusted
516416,0.015,0.016,0.031,28.3,Adjusted
455117,0.008,0.011,0.018,23.6,Adjusted
541645,-0.021,-0.006,-0.049,28,Adjusted
656811,-0.048,-0.035,-0.083,26.3,Adjusted
664058,0.034,0.027,0.074,27.3,Adjusted
592696,0.017,0.013,0.041,26.8,Adjusted
452678,0.003,0,0.02,24.8,Adjusted
467092,-0.019,-0.008,-0.032,23.3,Adjusted
502110,-0.026,-0.016,-0.055,25.9,Adjusted
641487,-0.012,0.001,-0.019,26.6,Adjusted
657557,-0.019,0.012,-0.057,26.5,Adjusted
493329,-0.034,-0.03,-0.02,27.3,Adjusted
669374,-0.011,0.003,-0.023,27.1,Adjusted
571466,-0.019,-0.022,-0.02,24.3,Adjusted
670712,0.08,0.079,0.143,27.7,Adjusted
600524,0.033,0.029,0.061,26.6,Adjusted
624415,0.04,0.036,0.089,27.7,Adjusted
503556,-0.045,-0.029,-0.081,25.5,Adjusted
666185,-0.05,-0.046,-0.077,27.9,Adjusted
669242,-0.011,-0.015,0.002,28.9,Adjusted
673451,-0.011,0.002,-0.027,27.7,Adjusted
608336,-0.016,-0.01,-0.038,27.1,Adjusted
527038,0.035,0.019,0.081,25.1,Adjusted
621043,-0.004,0.011,-0.016,27.2,Adjusted
668804,-0.036,-0.039,-0.046,28.2,Adjusted
596142,-0.04,-0.044,-0.062,25,Adjusted
663611,0.022,0.041,0.018,28,Adjusted
435559,0.016,0.024,0.045,24.1,Adjusted
592530,-0.023,-0.021,-0.03,25.4,Adjusted
642180,-0.039,-0.072,-0.019,28.2,Adjusted
544369,0.039,0.022,0.094,27.1,Adjusted
621493,0.005,0.027,-0.013,28.4,Adjusted
622534,-0.007,0.011,-0.026,28.4,Adjusted
455976,-0.001,-0.02,0.031,26.4,Adjusted
459964,0.002,0.027,-0.003,25.6,Adjusted
592200,0.064,0.039,0.159,24.1,Adjusted
572816,-0.001,0.005,0.002,27,Adjusted
543063,0.027,0.022,0.069,25.7,Adjusted
624428,-0.016,-0.02,-0.012,27.1,Adjusted
598265,0.047,0.056,0.077,27.3,Adjusted
596748,0.024,0.024,0.063,24.6,Adjusted
642715,0.042,0.031,0.089,28.2,Adjusted
647304,-0.033,-0.028,-0.053,26.9,Adjusted
665750,0.002,-0.005,0.02,29.1,Adjusted
500871,-0.048,-0.049,-0.059,28,Adjusted
519346,-0.029,-0.016,-0.062,25.9,Adjusted
593871,-0.015,-0.005,-0.027,27.8,Adjusted
605421,-0.086,-0.064,-0.166,24.8,Adjusted
656514,0.003,0.011,0.002,26.8,Adjusted
605113,0.016,0.022,0.028,28.1,Adjusted
665926,0.019,0.018,0.04,28.9,Adjusted
502210,0.001,0,0.02,26.2,Adjusted
606466,0.015,0.026,0.034,27.7,Adjusted
570256,-0.071,-0.07,-0.093,27.4,Adjusted
621563,0.035,0.033,0.065,28.2,Adjusted
460086,-0.025,-0.021,-0.045,25,Adjusted
656669,-0.007,-0.007,-0.003,27.4,Adjusted
645277,0.03,0.031,0.049,28.1,Adjusted
594809,-0.012,-0.02,-0.003,27.9,Adjusted
520471,0.013,0.001,0.046,25.9,Adjusted
657077,0.064,0.07,0.109,27.5,Adjusted
425877,-0.008,0.008,-0.026,23.1,Adjusted
571718,0.007,0.003,0.036,28.1,Adjusted
643565,-0.011,-0.009,-0.016,27.1,Adjusted
605137,-0.011,-0.002,-0.017,26.2,Adjusted
671277,-0.005,0.009,-0.011,26.7,Adjusted
592669,-0.019,-0.035,-0.002,27.3,Adjusted
444482,0.038,0.042,0.062,27,Adjusted
594838,0.018,0.012,0.043,28.7,Adjusted
457727,0.007,0.009,0.015,27.6,Adjusted
641658,-0.005,0.005,-0.005,29.6,Adjusted
462101,-0.04,-0.04,-0.059,26.3,Adjusted
570731,0.044,0.036,0.089,27.2,Adjusted
547172,-0.045,-0.035,-0.076,26,Adjusted
663538,-0.031,-0.019,-0.053,28.8,Adjusted
641553,0.054,0.042,0.101,30.3,Adjusted
643396,0.014,0.02,0.03,28.1,Adjusted
572039,-0.02,-0.011,-0.04,26.5,Adjusted
405395,-0.011,-0.019,0.001,22,Adjusted
641857,0.015,0.012,0.025,25.9,Adjusted
451594,0.018,0.019,0.038,26.6,Adjusted
570481,-0.03,-0.009,-0.035,27.3,Adjusted
621446,-0.017,-0.021,-0.022,28.6,Adjusted
664068,-0.065,-0.055,-0.107,28.6,Adjusted
543939,0.014,0.024,0.015,26.7,Adjusted
606132,0.045,0.07,0.071,28.2,Adjusted
608577,-0.023,0.006,-0.07,25.8,Adjusted
657108,-0.029,-0.014,-0.041,28.2,Adjusted
669720,0.026,0.036,0.041,27.9,Adjusted
571771,0.001,0.006,0.027,27.2,Adjusted
453943,0.012,0.015,0.019,24.2,Adjusted
660162,0.021,0.019,0.051,27.5,Adjusted
467055,-0.036,-0.019,-0.081,24,Adjusted
656308,-0.016,-0.011,-0.011,28.1,Adjusted
519299,-0.034,-0.045,-0.031,25.7,Adjusted
662139,-0.001,-0.008,0.019,28.3,Adjusted
500874,-0.04,-0.036,-0.061,26.6,Adjusted
606299,-0.017,-0.013,-0.015,28.2,Adjusted
670032,-0.033,-0.037,-0.042,27.8,Adjusted
571448,0.022,0.018,0.042,24.8,Adjusted
658668,-0.011,-0.02,0.009,28.9,Adjusted
514888,-0.008,-0.01,-0.003,28.4,Adjusted
641933,-0.015,-0.021,-0.016,29.6,Adjusted
543877,0.062,0.062,0.101,25,Adjusted
605170,0.013,0.025,0.01,24.6,Adjusted
621028,-0.033,-0.023,-0.052,27.6,Adjusted
543401,0.044,0.057,0.072,27.5,Adjusted
595751,-0.011,0.006,-0.035,28,Adjusted
592178,0.003,0.004,0.003,27.6,Adjusted
647351,-0.048,-0.072,-0.058,27.2,Adjusted
543760,0.018,0.02,0.03,28.1,Adjusted
607732,0.031,0.041,0.052,23.5,Adjusted
596059,-0.019,-0.025,-0.004,27,Adjusted
429665,-0.007,-0.004,0.011,25.4,Adjusted
621005,0.003,0.003,0.017,28.4,Adjusted
547004,0.027,0.011,0.073,25.2,Adjusted
501303,-0.019,-0.011,-0.038,26.2,Adjusted
605131,0.032,0.051,0.035,26.5,Adjusted
595879,-0.018,-0.012,-0.02,27.9,Adjusted
666198,0.002,0.022,-0.008,26.7,Adjusted
621514,-0.045,-0.041,-0.065,26.3,Adjusted
596847,0.044,0.04,0.112,24.3,Adjusted
502517,-0.014,-0.002,-0.012,26.5,Adjusted
595909,0.022,0.008,0.057,27.9,Adjusted
658069,0.053,0.052,0.098,27.7,Adjusted
640457,0.022,0.027,0.039,26.5,Adjusted
553882,-0.007,0.004,-0.025,24.3,Adjusted
649966,0.005,0.016,0.004,27,Adjusted
592261,0.013,0.027,0.015,28.6,Adjusted
608348,0.012,0.003,0.034,25.6,Adjusted
571788,-0.014,-0.012,-0.014,25.6,Adjusted
609275,0.039,0.042,0.063,29.4,Adjusted
547379,-0.038,-0.033,-0.065,24.9,Adjusted
592348,-0.003,0.001,-0.001,28,Adjusted
592743,0.051,0.059,0.075,26.1,Adjusted
656541,0.039,0.021,0.1,29.4,Adjusted
645302,0.012,0.015,0.035,28,Adjusted
475253,0.005,-0.012,0.034,22.9,Adjusted
593643,0.042,0.039,0.077,26.8,Adjusted
642708,0.02,0.022,0.036,28.7,Adjusted
650859,-0.029,-0.026,-0.049,27.6,Adjusted
664901,0.03,0.023,0.075,26,Adjusted
593528,0.012,0.018,0.025,28.4,Adjusted
542340,0.013,0.024,0.015,27.1,Adjusted
542255,-0.02,-0.021,-0.011,26.1,Adjusted
656775,0.063,0.057,0.11,28.7,Adjusted
663698,0.024,0.033,0.028,26.8,Adjusted
643418,-0.008,-0.002,-0.01,26.8,Adjusted
596451,0.011,0.005,0.035,30.5,Adjusted
670623,0.014,0.014,0.024,25.5,Adjusted
622666,0.026,0.016,0.051,25.6,Adjusted
641432,-0.015,-0.002,-0.009,25.5,Adjusted
621311,-0.023,-0.016,-0.039,27,Adjusted
519222,0.024,0.033,0.029,25.1,Adjusted
666176,-0.014,-0.01,-0.018,29.3,Adjusted
657061,0.015,0.025,0.019,28.5,Adjusted
640458,-0.034,-0.03,-0.053,28.1,Adjusted
665489,0.027,0.019,0.05,27,Adjusted
592450,-0.055,-0.048,-0.11,27.3,Adjusted
660670,-0.01,-0.006,-0.011,29.4,Adjusted
571970,-0.026,-0.026,-0.058,27.1,Adjusted
660271,-0.02,-0.015,-0.036,29,Adjusted
545361,0.032,0.036,0.05,29.3,Adjusted
665742,-0.066,-0.042,-0.134,27.1,Adjusted
665487,-0.006,-0.015,0.007,28.9,Adjusted
663656,-0.068,-0.06,-0.113,27.6,Adjusted
446334,-0.034,-0.02,-0.084,26.2,Adjusted
518692,-0.063,-0.063,-0.119,26.7,Adjusted
608385,0.03,0.025,0.042,25.8,Adjusted
547180,-0.042,-0.019,-0.122,27.6,Adjusted
488726,-0.028,-0.016,-0.045,25.9,Adjusted
621566,0.003,0.018,0.028,25.9,Adjusted
641933,-0.009,-0.001,-0.035,29.7,Adjusted
592206,0.028,0.025,0.038,27.6,Adjusted
646240,-0.019,-0.014,-0.039,27.5,Adjusted
608070,-0.025,-0.033,-0.02,28.1,Adjusted
608348,-0.022,-0.012,-0.046,25,Adjusted
443558,-0.013,0.022,-0.011,25.9,Adjusted
666135,-0.078,-0.053,-0.159,27.6,Adjusted
457763,0.031,0.036,0.035,24.5,Adjusted
518626,-0.047,-0.037,-0.096,24.5,Adjusted
518735,-0.037,-0.05,-0.051,23.5,Adjusted
641820,-0.025,-0.022,-0.042,26.6,Adjusted
592663,-0.013,-0.001,-0.016,28.5,Adjusted
502110,0.007,0.014,-0.003,26,Adjusted
453568,-0.033,-0.024,-0.067,27,Adjusted
608369,-0.038,-0.027,-0.079,26.4,Adjusted
458015,-0.046,-0.037,-0.091,24.7,Adjusted
623912,-0.062,-0.054,-0.089,28.6,Adjusted
624424,-0.062,-0.045,-0.135,26.9,Adjusted
516782,0.038,0.054,0.065,28.4,Adjusted
572761,-0.093,-0.076,-0.197,25.8,Adjusted
593428,0.03,0.027,0.057,27.5,Adjusted
669257,-0.014,-0.007,-0.007,27.6,Adjusted
668804,0.012,0.02,0.005,28.3,Adjusted
606466,0.017,0.018,0.038,26.7,Adjusted
606192,-0.017,0.001,-0.065,28.6,Adjusted
660162,-0.012,0.006,-0.045,27.7,Adjusted
624413,-0.029,-0.012,-0.074,26.4,Adjusted
543063,-0.009,-0.006,-0.018,25.1,Adjusted
521692,-0.011,0.001,-0.034,26,Adjusted
649557,-0.038,-0.028,-0.076,26.6,Adjusted
621035,0.001,0.009,-0.004,28.6,Adjusted
467793,-0.029,-0.008,-0.078,24.8,Adjusted
614177,0.005,0.001,0.017,26.1,Adjusted
502054,-0.035,-0.014,-0.087,28.1,Adjusted
670541,0.003,0.025,-0.009,26.7,Adjusted
663616,-0.016,0.004,-0.058,25.8,Adjusted
657656,-0.007,-0.002,-0.028,28.1,Adjusted
608336,-0.018,-0.004,-0.053,27,Adjusted
553882,0.021,0.035,0.027,24.7,Adjusted
621043,0.019,0.002,0.05,27.2,Adjusted
622110,-0.031,-0.019,-0.07,26.6,Adjusted
592192,0.002,0.002,-0.001,27.8,Adjusted
592178,0.029,0.018,0.062,27.6,Adjusted
457759,0.005,0.012,0.005,25.1,Adjusted
547989,-0.022,-0.009,-0.036,26.4,Adjusted
572287,-0.023,-0.02,-0.052,26,Adjusted
519317,-0.006,-0.003,-0.016,24.7,Adjusted
476704,-0.048,-0.024,-0.113,25.7,Adjusted
666182,-0.004,0.005,-0.022,28.1,Adjusted
542583,-0.015,-0.02,-0.027,24.9,Adjusted
519203,-0.011,-0.017,-0.002,25.2,Adjusted
571745,-0.009,-0.012,-0.008,26.9,Adjusted
457705,-0.025,-0.03,-0.028,28.5,Adjusted
657077,-0.008,-0.006,-0.016,26.6,Adjusted
641786,-0.035,-0.008,-0.099,27.7,Adjusted
592885,-0.005,0.015,-0.025,28.6,Adjusted
645277,-0.014,-0.022,-0.013,28.2,Adjusted
457708,-0.011,-0.013,-0.017,27.5,Adjusted
623520,-0.08,-0.062,-0.147,27.3,Adjusted
514888,0.017,0.016,0.04,28.3,Adjusted
543228,-0.047,-0.048,-0.072,26.7,Adjusted
593871,-0.026,-0.021,-0.046,27.5,Adjusted
669222,-0.067,-0.055,-0.125,29.1,Adjusted
656976,-0.025,-0.013,-0.048,26.6,Adjusted
650333,-0.05,-0.027,-0.111,26.3,Adjusted
502671,-0.038,-0.019,-0.088,26.6,Adjusted
656941,-0.021,-0.016,-0.03,26.9,Adjusted
641598,0.004,-0.005,-0.003,25.5,Adjusted
605141,0.005,-0.008,0.033,27.2,Adjusted
543068,-0.006,-0.008,-0.013,25.8,Adjusted
541645,-0.025,-0.023,-0.047,28.7,Adjusted
543105,-0.049,-0.056,-0.07,26.4,Adjusted
666969,-0.001,0.007,0,28.2,Adjusted
664247,-0.035,-0.021,-0.064,26.8,Adjusted
596142,-0.012,-0.014,-0.028,25.8,Adjusted
663586,0.025,0.035,0.024,27.5,Adjusted
571980,-0,0,0.004,27.5,Adjusted
474832,0.027,0.031,0.059,25.3,Adjusted
596146,-0.039,-0.049,-0.043,27.4,Adjusted
669221,-0.024,-0.014,-0.058,26,Adjusted
542303,-0.064,-0.055,-0.115,26.5,Adjusted
641857,-0.001,-0.004,0.004,26.2,Adjusted
592518,-0.025,-0.017,-0.034,25.8,Adjusted
663993,-0.025,-0.006,-0.072,27.3,Adjusted
543281,-0.018,-0.005,-0.049,26.8,Adjusted
663886,0.003,0.003,0.007,26.6,Adjusted
656669,-0.008,-0.014,-0.008,27.5,Adjusted
425877,-0.016,-0.01,-0.03,23,Adjusted
592626,-0.02,-0.008,-0.022,26.9,Adjusted
514917,-0.038,-0.043,-0.055,28.8,Adjusted
592669,-0.014,-0.002,-0.04,27.2,Adjusted
642086,-0.039,-0.018,-0.067,25.9,Adjusted
607208,0.01,0.016,0.01,30.8,Adjusted
621493,-0.015,-0.011,-0.036,28.1,Adjusted
543257,0.001,0.009,0.007,27.6,Adjusted
493329,0.045,0.04,0.104,26.8,Adjusted
656775,0.046,0.044,0.092,28.6,Adjusted
605612,-0.057,-0.025,-0.126,25.5,Adjusted
641432,-0.024,-0.028,-0.034,26.1,Adjusted
640457,0.015,0.007,0.055,27.4,Adjusted
661388,-0.018,-0.017,-0.035,27,Adjusted
657557,-0.063,-0.059,-0.112,27.5,Adjusted
518934,-0.033,-0.02,-0.053,26.4,Adjusted
643446,-0.02,-0.006,-0.054,27.1,Adjusted
650490,-0.008,0.009,-0.029,26.1,Adjusted
575929,-0.007,-0.002,-0.017,27.4,Adjusted
570482,-0.023,-0.005,-0.058,25.7,Adjusted
664034,-0.006,0.008,-0.012,25.2,Adjusted
683734,-0.029,-0.011,-0.044,26.4,Adjusted
572122,-0.038,-0.028,-0.073,25.6,Adjusted
643217,0,0.021,-0.022,27.6,Adjusted
542340,-0.003,0.003,-0.019,27.5,Adjusted
543305,-0.054,-0.048,-0.092,26.9,Adjusted
665120,0.048,0.027,0.096,27.3,Adjusted
663757,0.049,0.041,0.095,28.7,Adjusted
543760,0.046,0.044,0.079,28.4,Adjusted
605137,-0.023,-0.029,-0.02,26,Adjusted
592567,0.019,0.019,0.026,24.2,Adjusted
543333,-0.036,-0.027,-0.06,25.4,Adjusted
641856,-0.011,-0.03,0.003,27.7,Adjusted
405395,-0.025,-0.025,-0.044,22.4,Adjusted
596019,-0.035,-0.023,-0.055,27.8,Adjusted
642133,-0.059,-0.041,-0.117,25.3,Adjusted
664040,-0.028,-0.024,-0.058,27.7,Adjusted
624585,-0.058,-0.037,-0.111,26.3,Adjusted
641313,0.015,0.033,0.004,27.9,Adjusted
596129,0.001,-0.015,0.022,24.5,Adjusted
456715,-0.027,-0.021,-0.055,28.4,Adjusted
595943,-0.044,-0.048,-0.073,27.6,Adjusted
609280,-0.03,-0.021,-0.061,27.3,Adjusted
650402,-0.016,0.004,-0.05,26.9,Adjusted
663697,0.011,0.025,0.005,28.7,Adjusted
630105,-0.003,0.008,-0.013,28.1,Adjusted
452678,0.025,0.032,0.046,24.6,Adjusted
666158,-0.017,-0.011,-0.029,29.1,Adjusted
596115,-0.007,0,-0.019,28.6,Adjusted
621020,-0.015,-0.012,-0.023,28.2,Adjusted
624428,0.043,0.036,0.082,27.1,Adjusted
608324,0.015,0.018,0.023,26.2,Adjusted
666185,0.007,0.017,0.003,27.7,Adjusted
668731,0.026,0.038,0.055,29,Adjusted
656555,0.002,0.005,-0.011,26.5,Adjusted
607732,-0.011,-0.011,-0.015,23.6,Adjusted
543939,0.015,0.012,0.026,27.2,Adjusted
573262,0.027,0.014,0.055,27.3,Adjusted
664913,-0.032,-0.036,-0.043,28.1,Adjusted
642708,0.002,-0.005,0.014,29.3,Adjusted
606213,0.008,0.028,-0.015,26.3,Adjusted
545341,0.002,0.003,-0.005,28.1,Adjusted
664761,-0.065,-0.045,-0.116,27.8,Adjusted
516416,0.044,0.062,0.064,27,Adjusted
621453,0.085,0.092,0.111,28.3,Adjusted
669720,-0.014,0.004,-0.048,27.3,Adjusted
642715,-0.022,-0.011,-0.05,28.2,Adjusted
649966,-0.01,0,-0.023,26.5,Adjusted
664023,-0.024,-0.03,-0.033,27,Adjusted
600869,0,0.014,-0.019,27,Adjusted
572041,-0.008,-0.001,-0.023,27.9,Adjusted
641343,-0.046,-0.032,-0.082,27.2,Adjusted
593160,-0.009,-0.004,-0.016,28.8,Adjusted
669242,-0.016,-0.009,-0.024,28.6,Adjusted
668942,0.016,0.019,0.039,27.7,Adjusted
643265,-0.001,-0.001,-0.002,26.2,Adjusted
666915,-0.038,-0.022,-0.081,28.2,Adjusted
570731,0.017,0.022,0.033,27,Adjusted
572039,-0.034,-0.029,-0.062,25.8,Adjusted
621466,-0.006,-0.01,-0.012,26.5,Adjusted
642211,-0.087,-0.082,-0.145,27,Adjusted
643393,0.041,0.04,0.096,26.9,Adjusted
623993,-0.023,-0.03,-0.004,26.1,Adjusted
542932,-0.03,-0.029,-0.044,29.9,Adjusted
669256,-0.015,-0.013,-0.03,28.8,Adjusted
571448,0.033,0.011,0.073,25.4,Adjusted
456781,-0.016,-0.003,-0.037,26,Adjusted
501303,-0.021,-0.035,0.01,26.9,Adjusted
543768,-0.039,-0.039,-0.064,25.1,Adjusted
543543,0.022,0.011,0.047,27.8,Adjusted
641487,0.015,0.018,0.032,27.3,Adjusted
500743,0.035,0.029,0.065,26.9,Adjusted
622534,-0.022,-0.024,-0.026,28.8,Adjusted
596103,-0.003,-0.012,0.004,28.3,Adjusted
640449,-0.025,-0.027,-0.041,27.2,Adjusted
553993,-0.038,-0.039,-0.062,26.9,Adjusted
665862,0.032,0.036,0.053,29,Adjusted
500871,0.01,0.005,0.011,27.6,Adjusted
571788,-0.007,-0.015,-0.002,25.9,Adjusted
592696,-0.018,0.002,-0.034,27,Adjusted
543685,-0.01,-0.005,-0.023,25.1,Adjusted
408234,-0.039,-0.017,-0.087,24.3,Adjusted
570256,-0.042,-0.02,-0.063,27.4,Adjusted
607461,0.032,0.033,0.055,27.2,Adjusted
628338,0.029,0.023,0.056,27.6,Adjusted
572816,0.002,0.008,-0.004,27.6,Adjusted
605170,-0.02,-0.01,-0.042,25.3,Adjusted
596059,-0.024,-0.033,-0.031,26.3,Adjusted
643396,0.013,0.011,0.028,27.7,Adjusted
656305,0.005,0.018,0.004,28,Adjusted
543510,-0.002,0.006,-0.013,26.7,Adjusted
645302,-0.006,0.002,-0.025,28.2,Adjusted
647304,-0.01,-0.002,-0.021,26.3,Adjusted
527038,-0.001,-0.001,-0.004,24.6,Adjusted
624641,0.015,0.034,0,29.6,Adjusted
594807,-0.017,-0.006,-0.046,28.3,Adjusted
571657,-0.036,-0.034,-0.066,27,Adjusted
602074,0.037,0.055,0.049,28.1,Adjusted
668227,0.035,0.039,0.051,28.5,Adjusted
475582,0.055,0.038,0.091,26.3,Adjusted
605412,-0.001,0,-0.001,26.5,Adjusted
519390,0.011,-0.001,0.031,26.2,Adjusted
621311,-0.047,-0.034,-0.081,27.7,Adjusted
578428,0.005,0.004,0.011,27.6,Adjusted
624415,0.023,0.02,0.046,28.3,Adjusted
593643,-0.01,-0.012,0.002,26.9,Adjusted
606132,0.033,0.025,0.061,28.3,Adjusted
624414,0.038,0.035,0.059,27.8,Adjusted
444482,0.021,0.011,0.05,27.6,Adjusted
607680,0.014,0.016,0.015,27.5,Adjusted
641658,0.008,0.009,0.013,29.8,Adjusted
516770,-0.03,-0.004,-0.067,25.9,Adjusted
546318,0.038,0.031,0.078,27.6,Adjusted
503556,-0.035,-0.035,-0.053,26.9,Adjusted
621563,0.062,0.048,0.116,27.8,Adjusted
595879,0.017,0.018,0.038,28.3,Adjusted
462101,-0.047,-0.038,-0.075,26.4,Adjusted
664238,-0.006,-0.026,0.02,28.1,Adjusted
571466,0.036,0.042,0.052,24.4,Adjusted
594809,-0.005,-0.021,0.014,28.1,Adjusted
641531,-0.046,-0.056,-0.062,28.2,Adjusted
663624,0.013,0.024,0.019,28.1,Adjusted
605119,0.009,0.032,-0.014,26.9,Adjusted
664702,0.002,0.005,0.006,28.9,Adjusted
553902,-0.003,-0.007,-0.001,23.7,Adjusted
593934,0.005,-0.007,0.029,26.7,Adjusted
608596,-0.027,-0.011,-0.032,27,Adjusted
571976,0.018,0.029,0.019,28.2,Adjusted
664057,-0.025,-0.019,-0.054,29.3,Adjusted
595777,-0.013,-0.01,-0.014,26.3,Adjusted
592348,-0.014,0.014,-0.026,28.2,Adjusted
642336,0.012,0.009,0.025,27,Adjusted
467092,-0.022,-0.033,-0.017,23.5,Adjusted
642162,-0.058,-0.025,-0.111,27,Adjusted
656371,-0.057,-0.056,-0.086,25.5,Adjusted
553869,-0.066,-0.065,-0.096,25.7,Adjusted
663611,0.05,0.044,0.098,28.1,Adjusted
520471,0.037,0.032,0.064,25.9,Adjusted
600474,-0.011,-0.003,-0.029,26.2,Adjusted
518792,-0.042,-0.048,-0.052,26.7,Adjusted
664789,-0.041,-0.042,-0.038,28.2,Adjusted
543877,0.004,0.014,-0.006,25.2,Adjusted
592743,0.003,-0.002,0.015,26.3,Adjusted
650489,-0,-0.009,0.017,28.4,Adjusted
621433,0.015,0.025,0.011,28.2,Adjusted
666971,-0.001,0.013,0,26.2,Adjusted
501571,-0.024,-0.022,-0.034,27.9,Adjusted
670032,0.009,0.015,0.029,28.3,Adjusted
624431,-0.044,-0.021,-0.081,24.5,Adjusted
519048,0.019,0.018,0.043,24.2,Adjusted
570481,-0.034,-0.029,-0.054,27.4,Adjusted
571771,0.005,0.013,0.001,27.3,Adjusted
605131,0.026,0.016,0.063,27.1,Adjusted
643565,-0.015,-0.011,-0.028,27.3,Adjusted
665155,0.018,0.025,0.014,27.1,Adjusted
643289,-0.003,0.009,-0.007,27.8,Adjusted
458731,0.013,0.01,0.039,28.1,Adjusted
572233,-0.031,-0.035,-0.037,27.4,Adjusted
572191,0.002,0.016,-0.018,28.4,Adjusted
664058,0.001,0.002,0.004,27.5,Adjusted
641796,-0.036,-0.037,-0.06,30.7,Adjusted
608577,-0.017,-0.013,-0.033,26.2,Adjusted
643376,-0.033,-0.041,-0.05,27.7,Adjusted
596748,0.001,-0.015,0.022,25.4,Adjusted
670351,-0.005,-0.012,0,27.1,Adjusted
544725,0.014,0.029,0.011,28.4,Adjusted
621028,-0.046,-0.044,-0.062,28.3,Adjusted
642721,-0.008,-0.006,-0.009,27.2,Adjusted
435559,0.02,0.022,0.028,25.1,Adjusted
595281,0.006,0.013,0.007,29,Adjusted
670712,0.001,-0.006,0.018,27.9,Adjusted
598265,-0.036,-0.043,-0.028,27.2,Adjusted
455117,-0.006,-0.016,0.002,23.7,Adjusted
673490,0.008,0.003,0.034,28.4,Adjusted
592444,-0.05,-0.03,-0.099,27.4,Adjusted
518586,0.023,0.011,0.051,27.9,Adjusted
642423,0,0.006,0.003,29,Adjusted
624513,0.01,-0.001,0.038,25.3,Adjusted
669374,-0.044,-0.032,-0.088,27.2,Adjusted
658069,0.039,0.026,0.08,27.4,Adjusted
666211,0.015,0.005,0.039,27.9,Adjusted
660294,-0.021,-0.01,-0.047,26.2,Adjusted
544369,0.035,0.02,0.072,27.5,Adjusted
605113,0.025,0.023,0.045,27.7,Adjusted
506702,-0.023,-0.005,-0.06,23.4,Adjusted
519299,0.032,0.048,0.043,25.7,Adjusted
595978,-0.006,-0.019,0.006,24.3,Adjusted
